9.967269442819678971e-02,9.606660035550008969e-02,5.786297500423250723e-02,-1.038534558607445979e-01,-6.294813777909252783e-02,-8.368114099002833817e-02,-1.787515614457259039e-01,5.580600837420058441e-02,1.900656849438594476e-01,1.826604704109710889e-02,-6.781666539558924012e-02,-1.824806036338953164e-01,3.903465806108981362e-02,4.666520513178184880e-05,-2.694198852055126325e-01,4.249026716081944627e-02,-5.364867786191617610e-02,4.393780991763730770e-02,-3.185987055712341531e-02,-5.316987899874496548e-02,9.373169280895864153e-02,-7.115518809843957015e-02,-1.242142792940443830e-01,2.761391357804431675e-03,3.007784077533101619e-02,-7.862049923943068008e-02,-8.777421275263054545e-02,-3.609006716664819175e-02,-2.657508339885769275e-02,8.719616425700406348e-02,-3.646430933538254496e-03,-5.755179667398290649e-02,1.601018516358464205e-02,2.160346659978528219e-02,-9.675113024210542367e-02,9.278363878872834813e-02,-9.181087722609265755e-02,-9.889657508143807896e-02,4.966751702201663982e-02,6.090378831029434614e-02,2.495040992585555173e-02,-2.989442867994181532e-02,7.467053674599131996e-02,3.644299352235959993e-02,-3.473556207445291366e-02,3.182941071852007225e-02,-1.451854868050982683e-01,3.031102573384935120e-02,-7.612892088744064624e-03,1.196396089740776533e-02
5.146260331050476339e-02,4.100463830057859971e-02,5.514969252104896108e-02,1.045416307536983919e-01,8.711253269878317662e-02,1.291771482418033190e-02,3.275942791609715021e-02,1.399432995895107286e-02,-6.513232347939292011e-02,5.897110429825168365e-02,3.793585731849477560e-02,1.906064590838445205e-02,3.050874774188831046e-02,2.019756794934120421e-03,8.908840570061951625e-02,3.606459801956406197e-02,-5.902156202276987590e-02,-3.714468074421377330e-02,1.097227686446095810e-03,1.100407570986746963e-01,1.195547546226632257e-02,1.431277619028690704e-02,-4.849212133749904695e-03,6.071121712860412523e-02,3.321345015722020066e-02,7.024233120506373496e-02,-4.917117157151573714e-02,-2.732871109134788618e-02,6.592737297288879528e-02,6.600894728542018586e-02,8.271166208642191653e-02,-3.815725650405591557e-02,-9.757149679977583645e-02,1.706270654618181198e-02,-2.983537052171677390e-02,-7.045161739639444615e-03,1.631764973886553893e-01,-8.835806773409847492e-02,-2.140896796067604316e-02,-2.945449536940732138e-02,-5.959223240881613565e-02,5.852844628412892658e-02,4.783884139673953012e-02,-2.555968151315781561e-02,2.313294341267859225e-02,3.625951607673016160e-03,1.058190031344803939e-01,-3.636712649257182149e-03,1.182510999587810668e-01,6.291146782726984854e-02
2.518692549488032659e-02,-5.240957832470378303e-02,9.455514988617323702e-02,6.614367002871375523e-02,-5.524482391513174662e-02,5.261283538245405123e-02,1.559432272017989285e-01,-5.683770760514776643e-02,-1.021554119174478831e-01,-1.594835799064363846e-01,2.884210450387725624e-02,4.910301213263305875e-02,-5.709802445818545208e-02,1.309171107938970624e-01,-1.114109121192708302e-01,-1.316666732255016882e-02,2.894518269595035276e-02,-7.545403255109058016e-02,-2.679443510243556537e-01,-3.109252866710910529e-02,3.904697770806890567e-02,2.126060340116268932e-01,3.725028726147931735e-02,-1.348868521674610396e-02,-1.284955240014188926e-01,-9.872248819168122358e-02,1.245943463468062312e-01,4.953123182325099016e-02,-1.618276545856266527e-03,8.970668838022828606e-02,-5.559313089383228004e-03,1.297147365573408581e-02,-4.321636004332061326e-02,-1.126000520126746174e-01,-3.820849200945903440e-02,1.726457945223185686e-01,-1.230936962825491809e-01,1.732826486265953425e-01,-6.019317223101125491e-02,6.869457063491408999e-03,-1.826402421494528056e-02,3.597827728195657909e-02,1.846226660685361953e-01,-2.280128420172030171e-02,2.727304700520873787e-02,-2.518034247449093058e-02,-5.189474739606603909e-02,-7.679595600222244300e-02,4.002328985028791308e-02,5.789922582441624221e-02
1.179791692305908468e-01,4.451979338361038152e-02,-8.299078756248685906e-02,2.234475614269885654e-02,-4.435226240188718666e-02,-7.255027702415328683e-02,-1.526609986338672287e-01,5.315902800706194531e-02,1.161308940582049358e-02,-6.196219881887095327e-02,3.946605890732269445e-02,-4.469315457428973959e-02,-2.983250221209330700e-04,2.803427640324879927e-02,-8.819558040072482397e-02,1.397566333808463769e-02,-2.560871004905157511e-02,-1.863691193293285156e-02,3.620148056101159251e-02,-7.385285060427058956e-02,4.218697241104856638e-02,2.255705375198890222e-02,5.112908184908847298e-02,-4.933221383763651546e-02,3.658682393367838209e-02,-3.528643897987761985e-02,-1.432119135801943402e-02,-1.393026880732133599e-01,-1.272456451957105703e-02,-1.445268473280102335e-02,1.230291924040649992e-01,-1.568086769415739587e-02,-1.226344518652383760e-02,-2.600383159031648822e-02,-4.280498489888866220e-03,3.838448317209251000e-03,1.003550760172639139e-01,6.971399660767330086e-02,6.339533551049951476e-02,3.289938351851030146e-02,-2.869241025710382240e-02,7.183127263866947478e-03,-3.712427061687858382e-02,-6.024285311559680889e-02,3.130419664613987712e-02,-1.246096904528005110e-02,1.567378017209120067e-02,-3.601469774606701896e-02,3.759785446385787572e-02,1.023794389456947167e-02
4.114432816492462341e-02,1.492691439393381385e-02,5.360545431905437697e-02,7.182622634683154261e-02,1.859390116666824119e-02,8.176347669498891524e-02,1.268770835071065528e-01,4.662341960102202310e-02,3.048840417709639591e-03,-1.853961725737942462e-02,-3.493759303496692115e-02,-4.040788435360904290e-02,-4.265302532614483055e-02,1.091508902135035139e-02,3.279631208866772701e-02,6.746416712935846514e-03,-9.035519458016016275e-03,-3.668412543200513104e-02,-6.217803840698411973e-03,-1.627092248685811648e-02,2.908569409074464665e-02,-5.494484638243432584e-02,-3.269185883112733088e-02,-2.680186555747519211e-02,-6.394960256564957701e-02,-1.384139567513093493e-02,-3.529676677227405052e-02,4.290793958816741666e-02,-2.348868705928654557e-02,2.757684348927349517e-03,-9.499298957644671665e-03,6.222132641390266256e-02,-1.414229754357731496e-02,-6.090743100812430477e-03,-4.409331726927172290e-02,-2.774156421606879114e-02,-2.304095137655826422e-02,-7.820204239343010733e-02,-8.415293997222425548e-02,-1.641110685990399692e-02,1.144595721936264403e-02,-2.171504503050428192e-02,3.894981394843916728e-02,1.884703609921029033e-02,4.415611783277353236e-02,-2.933817236687112986e-02,-2.925619124419075873e-02,1.637581354314555648e-01,-5.874026288441080296e-02,7.451993904353279574e-02
2.639355796098816209e-02,9.368011573181128301e-03,5.390698053520429078e-02,-2.074963904021586911e-02,-7.029460160681745432e-04,-8.092360707368202732e-02,-1.964652290974187171e-02,-1.468465552425816667e-01,1.910775845506220566e-02,4.148920293656423175e-02,9.477518446245371264e-02,8.199320172067778301e-02,-1.527876906498537579e-02,-4.038136478260227757e-02,-6.784849606222173590e-02,-4.397360243788143302e-02,-7.557158251730167198e-02,7.966930261875569685e-02,6.924403896642967321e-03,7.819033588423415781e-02,-1.628341912401622682e-01,-1.672045944254467800e-02,6.946973401781042501e-02,-1.808953429717657935e-02,-5.857758294913843061e-02,2.423900210013211348e-02,7.217835517555461211e-02,1.529251508691688820e-02,6.628855300724394162e-02,3.573743162507665022e-02,-1.257410164490195548e-01,-2.729280470047691295e-02,6.292026706579571804e-02,-3.403060061871195779e-02,1.192463976203604198e-01,6.809188847661364064e-02,-1.013257480188556603e-01,7.654808355420313071e-02,1.098332653647303286e-01,-1.261300457021631294e-01,1.354149116498607475e-01,1.272951422133271338e-01,-4.624186961212418956e-02,1.110988563616336633e-01,-7.202598485763211933e-02,1.800856158169879609e-02,-7.952530212809608146e-02,-1.834545683151829198e-01,1.038830002226031127e-02,-1.070574801276292232e-01
1.222661472067258503e-01,2.682550572518309709e-02,-1.239073219625528716e-01,3.726137379495378377e-02,-7.619916746290142373e-02,-5.801681593898184996e-02,-9.962364630011770472e-02,8.528963727639088388e-02,-3.905020746035100382e-02,-8.628971112856680115e-02,2.513421249368790258e-02,-6.905544829802322260e-02,1.219501641147748179e-02,4.145782891695168337e-02,-3.866077160184288458e-02,1.032128248698801348e-03,-3.708125517985214753e-02,6.961071700292279993e-03,7.452150160003828683e-02,-7.110729785682708137e-02,7.863513443267056147e-02,6.549800923614383652e-02,-2.952296485609882601e-02,-4.012578287301229616e-04,4.533152949895926515e-02,-7.349751902439217999e-02,-4.649116716040012365e-02,-1.624847773320487465e-01,-1.909628148447351306e-02,-4.539267384072617068e-02,1.184443925943670234e-01,3.077630738560517554e-02,-3.942998691479245726e-02,-2.299029169235624476e-02,-2.249478824852933073e-02,-3.526602205490476927e-02,2.774732979590683983e-03,2.649555613802259679e-02,2.865495002558875529e-02,4.940105500543571365e-02,-4.722579773509039125e-02,6.099459414484034551e-03,-4.113962460011995163e-03,2.471682454783077562e-02,2.516163566928003581e-02,1.715245310097991346e-03,-1.370114220787985344e-02,-3.841849277736107682e-02,3.257458547817153327e-02,8.570455787206593401e-02
3.949120341086677366e-02,1.396181867127090602e-02,5.363563452164909345e-02,4.816835159155280488e-02,2.826337675356656309e-02,7.382795008418657767e-02,1.014064834064014736e-01,7.028688697660228149e-03,2.761912545626204855e-03,-2.082351738306447222e-02,1.686336811576086368e-03,-6.427810593300069264e-02,-2.784755195185347268e-02,-4.318453106154618998e-02,2.450115082125077504e-02,7.629759521440005604e-03,-6.141443427710362168e-02,-2.564542304749325118e-03,-4.626699188139829499e-02,-1.066491282150250651e-04,-5.997292577203097025e-02,-5.923955574024577370e-02,-2.551108732858569164e-02,-2.412418908309490670e-02,-1.524980417605744654e-01,-7.355999733625812054e-02,7.487840310900722648e-03,7.058305715050822160e-02,-3.044160417414120919e-04,1.261779151140906196e-03,-5.573759053141742748e-02,9.175802189792280072e-02,-5.630446753705261459e-02,6.009715202349829449e-02,5.600810849461806962e-02,1.148776503396716116e-02,3.546450977202338095e-02,-5.363296090968325963e-02,-1.525714655958909823e-02,-3.247997865159521491e-02,-3.304067322116837919e-03,2.244725221495292092e-03,-1.080703234678907255e-02,-8.805591614241296480e-03,5.638416786713473100e-02,2.565538761594910594e-02,-1.949904733876603458e-02,9.626084042844849920e-02,-2.007474911838924569e-02,-8.461213386575063000e-02
2.777064183553854329e-02,2.053684733164551357e-02,5.741440550233026241e-02,3.309278006251522002e-03,-1.564618856459926155e-02,-8.261002756295428295e-02,3.623968420651659667e-02,-9.070626102089612841e-02,6.974095275067758448e-02,5.913367116031058301e-02,4.292762359812462430e-02,1.346855373425419611e-01,-3.758537513708687383e-02,1.260554518291477979e-02,-3.642828946699126769e-02,-1.019123938505020061e-01,-3.082094908394898344e-02,-7.317917864798554120e-03,-2.990569865966132349e-02,1.032326705485862167e-01,-1.158016134126095553e-01,1.744857625611436619e-02,6.950235772288118619e-02,-4.377142230161756159e-02,6.234210989955860094e-02,1.231698891856807671e-01,-2.728202912159230411e-03,-9.146810246342633455e-02,-1.819525909625529722e-02,1.194619910528714746e-01,-7.204019194038516205e-02,-1.116159120060985638e-01,-2.631211926696663123e-02,-6.574221236807896440e-02,2.648333864648573857e-02,5.751245996254080589e-02,-2.808041284623013362e-02,-4.222649958590258580e-03,3.911046664612307516e-02,-5.753790631536842559e-02,-7.574952886022440213e-02,1.546057856348854453e-01,-7.030312223023725549e-02,-7.213598427204372110e-02,-5.909897316810838741e-02,-1.970613526266093152e-01,-6.412200795550990207e-02,-4.364082494840086646e-02,-1.446191530108917045e-01,-1.129354707289272064e-01
1.253864857347966599e-01,1.611661548597674229e-02,-1.640203301432713867e-01,3.993016426981121220e-02,-5.339289795994867777e-02,-3.177990924944217727e-02,-7.872972726699731250e-02,9.713755726961861847e-02,-7.701756670189702225e-02,-1.014402674967951890e-01,3.363673538442244620e-02,-1.181215429156913799e-01,-1.471637086584605056e-02,2.215988364109795425e-02,-7.393375728850296730e-03,-3.757772791802723583e-03,2.250585249280026220e-02,6.990868531293290000e-02,8.642034180770424845e-02,-5.703285438980275346e-02,4.937011942690389121e-02,4.015213394678059100e-02,-5.750048427652148381e-02,4.068462947311211365e-03,7.207550494882351833e-02,-4.019995068973231805e-02,-6.079267331880700183e-03,-6.820768688463113572e-02,-4.018822771725776011e-02,-2.566595162031620053e-02,6.190042174570449529e-02,2.622312053286389097e-02,9.289647632367920233e-04,7.987530812709966663e-03,2.833434500554060653e-02,-1.572554970738115204e-02,-8.111839651244066862e-02,5.795808553451406442e-02,3.838168328670619675e-03,2.847948241741713599e-02,-2.286056988619300859e-02,4.427460488301852154e-02,-5.008823347536155851e-02,1.411510577110393870e-02,8.529524663562158826e-02,-6.751075752157384598e-03,2.284489722940655221e-02,-1.103351380988799174e-02,-4.121020737324477060e-03,9.244258021694913216e-03
3.828401278699425370e-02,1.714107761065751870e-02,5.213618952771440634e-02,3.682969865331051779e-02,2.228096300009365510e-02,4.826704246166626383e-02,8.506099118017432237e-02,-6.233703403010704830e-03,7.603005972690541313e-03,-1.125387104475740647e-02,-2.698140085632367777e-02,-3.481790611385673223e-02,-4.140852232521573251e-02,-6.410952109785064690e-02,-3.276699241851018050e-03,-1.235171483166868506e-02,-7.206957686144985220e-02,5.913111778353449810e-03,-5.934407395569676891e-02,4.161942271802405308e-02,-8.023615687287134757e-02,-3.495587607730513136e-02,-3.882254125074129352e-03,-2.540713040768782099e-02,-1.252927581808586377e-01,-5.568284959819408408e-02,3.349949296642510538e-02,3.023516237609281607e-02,-3.825430346069955134e-02,3.714760185920239210e-02,-1.123653034679548413e-01,2.803493028329891515e-02,-1.986224738521564018e-02,3.572361401844789675e-04,6.122161987566195063e-02,-3.271445180024023375e-02,3.065098392641870447e-03,1.955710430459803306e-02,1.448466670364502787e-02,-5.160375489487513401e-02,2.090062062898885228e-02,5.593670507834196809e-02,-4.789024881311591819e-02,-1.096874510656201396e-01,2.970881331896668698e-02,-7.519496518948694426e-03,8.780976895160743506e-03,5.842678557677265239e-02,-3.528416967846418478e-02,-7.886724843951688213e-02
2.815182667882710696e-02,1.565459455990509535e-02,6.676384518667945189e-02,1.714458237770345381e-02,-1.818921676031487120e-02,-7.218288861319036021e-02,4.521557782187688584e-02,-9.002744120522147842e-02,6.977454880588976338e-02,4.249127833013260219e-02,9.080394327555965650e-02,1.435614746448052315e-01,6.280646866852501210e-04,6.882732136863700667e-02,2.641838965661981106e-02,-9.070455510933278509e-02,-6.845638231029699088e-03,-3.416216956106086361e-02,1.158173839946478184e-02,1.782926534892896250e-02,-5.344266093761037423e-02,3.235774536400098933e-02,5.645867538623719484e-02,-5.352312233325725449e-02,1.052674854321198339e-01,1.725337939592493097e-02,-9.025488657614177956e-02,-8.050730510339312862e-02,5.388636869707864874e-02,-1.913708101991854968e-02,1.098503874608940944e-01,3.121958126172106815e-03,-1.051583425582636178e-01,7.377548262251404365e-02,4.167160017648104814e-02,5.284539232543311593e-02,-6.896022879915714165e-02,-3.158323367662715236e-02,2.187512155101668104e-02,1.168979778080378035e-01,-5.086060191747066896e-03,-9.184921882758605161e-02,4.160654163502172653e-02,1.324286817089230794e-01,-3.482983498646922971e-02,-1.570177612174751547e-02,-5.942685666202734279e-02,2.866590806771862274e-02,-5.336816463668669908e-02,3.738121582580766072e-02
1.254147575514555912e-01,-7.367388382527795786e-03,-1.627861579792258262e-01,4.525290417782129593e-02,-5.796651627328110873e-02,-1.430199902193230420e-02,-1.201360149551220363e-01,9.982398962492050609e-02,-1.014590043291763305e-01,-9.949874248764389861e-02,3.705883214021876704e-02,-1.116605880694418462e-01,2.694597909081362236e-02,-7.906235149361536332e-03,-4.930807081312051088e-02,4.581331414114542255e-02,1.023384695872528102e-02,7.594752997411552409e-02,8.044162995509107628e-02,3.115865585336421691e-04,-8.579614650214813579e-03,3.400477133225181942e-02,-2.340427037532401278e-02,2.336437686735162722e-02,4.391031337247740252e-02,4.075100828759146282e-02,3.482503337652743253e-02,-1.500367360280718820e-02,-3.425425099760595615e-02,8.162975563864622794e-03,-2.026222738110712573e-02,2.264706421353917740e-02,-3.240356944542955447e-02,5.386632704988824488e-02,-2.791378293420627640e-02,-2.686377683994328053e-02,-1.247038679818781998e-01,-1.341292578572186693e-02,-8.573357001043278858e-02,-1.261684592278402954e-02,-1.444612378736358747e-03,8.760476435850923782e-02,-5.145664659991507073e-02,2.026741690337846222e-02,9.584898591812578139e-02,-2.132848543735592697e-02,6.705792611641180068e-02,2.496841241342595205e-02,8.043069684473021577e-03,3.024852977355869249e-02
3.723764667899943231e-02,1.770826020319948846e-02,4.733288836063274246e-02,3.854333949820072658e-02,1.602410851341948272e-02,2.565823303649825485e-02,7.347500659297205583e-02,2.290770016695396413e-02,1.724109842615073260e-02,-1.419677355182288013e-02,-2.701349560370450154e-02,-7.502345457376136117e-02,-2.895806907792636969e-02,-6.151485858754571212e-02,3.226799774059764536e-02,-2.240628290412275542e-02,-3.825470121240318738e-02,4.021268004140157032e-02,3.931263951322987171e-02,1.914748087421883418e-02,1.806592849589588011e-03,2.750333685421886554e-02,-3.180909044277328845e-02,-4.149109953600813028e-02,-2.079335682820259920e-02,-3.638503523516688209e-02,1.185615546852872987e-03,-1.320819262047925706e-02,-6.258335080842195031e-02,-2.658899085471541635e-02,-1.134177081274679033e-01,-8.378521521407275574e-02,4.459310580293711357e-02,-3.639709095270092509e-02,5.862477607358818066e-02,3.449984764246225022e-02,4.385227442589317848e-02,1.061626728293095928e-01,9.590088964292900475e-02,4.032303795871172887e-03,1.259442563044106955e-01,5.823226565090362447e-03,-2.068439633578178505e-02,-1.067222508285302490e-01,-5.355085905605933005e-03,2.715010682300843248e-02,-3.649827319461328157e-02,5.467308023204546508e-03,-6.296345301292934071e-02,-1.273734311258285790e-01
2.837672395236017289e-02,2.172581458262382026e-02,5.409408262875788076e-02,2.718444845271666271e-02,-1.177226580057790309e-02,-5.686520899710195698e-02,-1.896059477904482246e-02,-8.714830386772820514e-02,2.349054011097629138e-02,3.830862792022275698e-02,9.409793724198756149e-02,1.227499798079346033e-01,6.047456708224208111e-03,7.067873300129760838e-02,-4.391445806375868233e-02,-2.373092495843199395e-02,-3.311729971516558842e-03,-3.545574377218619483e-02,3.786291655639837349e-03,1.976987966306705674e-02,-7.569598987728119732e-02,1.213741168197950138e-02,5.356787420412630757e-02,-6.518370064082160131e-02,7.944816767280102679e-03,4.882282426252875646e-02,-5.443706843653235705e-02,-7.712128493549287762e-03,5.490093183836626534e-02,4.542846667797819510e-02,9.950156359277280427e-02,1.049424557118245616e-01,-1.010348194095787439e-01,4.823989869423507548e-02,9.922109296151496172e-02,-1.477131016773569894e-01,-2.467528538730946464e-01,-1.132704298565403826e-02,-4.471487998047949525e-02,8.086010245674060681e-02,3.101034674437220737e-02,-3.255198866350528242e-02,6.955056508136772675e-02,1.062644354817442877e-01,7.658807316015901756e-02,2.531957275005575908e-02,3.666670081718138158e-02,9.955196052656850592e-02,4.307811432682435993e-02,1.660514637180398601e-01
1.225453221908218565e-01,-9.163302581325596941e-03,-1.390292646289920941e-01,5.595192054795042336e-02,-7.967211256786445317e-02,-4.546123609533210541e-02,-1.864104661823996478e-01,1.134886603237847819e-01,-6.744298054360892136e-02,-1.248931732614700502e-01,3.335420732337339433e-02,-5.320266467408324429e-02,5.342328603379203900e-02,2.392247120009506275e-02,-6.609335614851746810e-02,-1.180421248404731754e-02,-2.170676305526357888e-02,1.876963057380135608e-02,4.234608936813186869e-02,2.451944347010593522e-02,-4.747812246729201519e-02,1.690301901669272536e-02,-3.106654693028475592e-02,3.876659224502963796e-02,-1.368461742392372386e-02,4.262618339933779005e-02,4.965003221729889782e-02,1.102310413100706515e-02,2.827545359589363899e-02,7.763920436957975901e-02,-1.194282541498257154e-02,-5.486797360626372716e-02,5.309521176988953213e-03,1.055962856330687344e-01,3.444538558041191495e-02,-4.988430563244767094e-03,-5.661473566464521323e-02,-2.825656978361014773e-02,-5.860897063015010899e-02,2.691183316023955732e-02,-7.829701484239229292e-02,2.845008383112755321e-02,2.628733646536762086e-02,3.201801892504534119e-02,5.754587883431235007e-02,-5.411541655825908431e-02,-5.616667130538462865e-02,-2.896973194780451920e-03,6.763296260883316056e-03,1.120127267032653556e-02
3.859959391251212985e-02,1.845036354440027573e-02,5.039867986005030359e-02,4.421931917388347011e-02,3.037648458777590654e-02,6.064348221920587423e-02,7.381452308801485229e-02,2.494675418169331471e-02,-2.208518291318735394e-02,2.564241366183638623e-03,-1.182965793178086811e-02,-1.523806094204324668e-01,-4.888431566344563634e-03,-6.082126051208475159e-02,1.539755055432554150e-02,4.526355103971572980e-02,-1.828811446572140009e-02,5.743511676394779525e-02,2.354686932021159140e-02,-1.135429794564834192e-02,2.187074914842090587e-02,4.134175868005612875e-02,-8.272325421974982551e-02,-1.810152636881832630e-02,-8.026469172810483943e-02,-5.838300443995669831e-02,-2.905844164725760945e-02,-7.447643916026362720e-02,-1.041759162600048444e-01,-3.065430133785272682e-02,-9.099583635126851089e-02,5.511991389713863376e-02,-5.327597863346981988e-02,4.571741179536505280e-03,-1.547130218967066235e-04,2.513620857923764759e-02,5.369832821202885631e-02,1.915205544125435366e-02,1.960168682388760755e-02,-8.706323778645540246e-02,3.663358160500541222e-02,2.430243469304614254e-02,-5.946039711050910004e-02,-7.739377324200942543e-02,1.052794605953058654e-01,-2.151052906108749316e-02,5.933390971605853603e-02,3.625797934015503182e-02,4.467269964444296401e-03,-6.503424362466739272e-02
2.765173385249351454e-02,2.090303346936684889e-02,6.176766244630048364e-02,1.471741591507380251e-02,-3.161112805590891861e-02,-9.320284385137651839e-02,7.586920035254559073e-04,-5.184551117255988689e-02,3.377835772938524161e-02,3.363923928716913009e-02,6.614496581024854882e-02,9.906204991161911277e-02,5.134635987132461950e-03,2.102539478598735093e-02,4.520108683225684473e-03,-2.213839285812868249e-02,-1.598227158635309730e-02,-3.198887022918005252e-03,1.042743696922036611e-01,-3.416773967682824181e-02,2.694814985903364740e-02,6.191963291385256529e-02,3.181590432069625329e-02,-5.858817747556515493e-02,9.068570100350875629e-02,1.388466341297439066e-01,-6.476138239238736494e-02,-1.015451418574750825e-01,-3.247537629353079713e-02,-5.020637523725950124e-02,1.361300037830766307e-01,-6.411916718684526617e-02,-4.490978791536364562e-02,1.348552899367333642e-02,9.723889577838377984e-02,-2.508255631273387590e-02,-1.399366566900388520e-01,4.248550365036612292e-03,1.147005660797735874e-02,1.073271301438427222e-01,-9.400442260083324841e-02,-3.221207314263004051e-02,-2.784692776881783627e-02,-2.011909056735872864e-02,-1.019184559306188509e-01,-8.021956119102810479e-02,-1.968716399572915943e-01,-1.675460792827598577e-01,-6.254829313158419279e-03,4.807831928894697876e-02
1.206976720008753889e-01,-2.262276125353823025e-02,-1.301396987770192526e-01,6.631867230253143952e-02,-5.929879208686265890e-02,-3.958110408074320963e-02,-2.641821472796422321e-01,9.508906470201707040e-02,-6.823290812033326602e-02,-1.035188363229276182e-01,2.702691726121523794e-02,1.488744373112878229e-03,2.854252743797320094e-02,6.619426575786679923e-02,-4.349319478819750617e-02,-5.128319361395886067e-02,1.329438918569881460e-03,-3.924924550283901662e-04,-4.075399023675169846e-02,4.303265715582082346e-02,-8.277106337391842983e-02,-3.640077444786695565e-02,1.948724091448361673e-02,2.859095587195420798e-02,-4.981972788455733131e-02,1.166297124656903890e-02,1.171317159993867374e-01,5.690175948417135199e-02,4.710501774338098080e-02,7.900514745106171355e-02,-1.085683074763459932e-01,-7.984894777249657016e-02,4.404654429063158128e-02,5.584461941378583011e-02,5.017993429162617008e-02,1.039647580519933168e-01,-5.419615222798876419e-02,-6.038614584235612454e-02,-4.979507556818839331e-02,-6.942261570260745140e-02,-4.360192302205336684e-02,2.251333379493116599e-02,6.257364957742378442e-02,8.558353963224686958e-03,-3.215360017630932311e-04,-6.024371276607110026e-02,-4.457009490288077469e-02,2.469700419900477603e-02,-1.442286131855114450e-01,-1.422930508983297204e-01
3.933468212970054473e-02,2.927388936654536089e-02,4.659917159550421017e-02,3.747440850102070481e-02,1.354190767545543524e-02,5.457458703068669703e-02,4.191930961038401598e-02,3.917949935683140428e-02,-3.667835337939807580e-03,-4.195119364640151338e-02,-3.716299199103464262e-02,-1.045638571576295861e-01,1.900891487274306013e-02,-9.424163886764641562e-02,1.888955838405430646e-02,4.776449928590962429e-02,1.994441440373626029e-02,2.611946603972686159e-02,5.178387978566972166e-02,4.646605756561496964e-02,1.311845456973818663e-03,6.398858397169476450e-03,-5.066235871317015249e-02,-3.728627503638082263e-02,-9.620145656637804632e-02,-4.960558456734654592e-02,-2.092200319359425673e-02,-1.850736726181413314e-02,5.060152950424978355e-03,2.432095619307428694e-02,2.208548950856470405e-02,5.206048113960637380e-03,5.884556999917300163e-02,6.242930259054006725e-02,1.390359282954033507e-02,-4.450720177769064423e-02,1.328280062149807088e-02,-2.553380910994615741e-02,-4.810402325515147036e-03,7.685599150979234573e-02,-6.146017889684211172e-02,3.805324503893636051e-02,-8.759334084662873110e-02,-2.523295967418905106e-02,1.202961229853704850e-01,-4.689860702429914791e-02,2.895807794244294534e-02,1.040981076037606617e-01,1.019812383258050792e-01,4.844791996067990270e-02
2.796534795736455373e-02,-1.377240020469929849e-03,6.115863515932204453e-02,1.069947050604606528e-02,-1.017868645816186884e-02,-8.381996303633003353e-02,5.141631485580425154e-02,-5.237422506693891616e-02,-9.058732812754115640e-03,9.875902697476897363e-02,8.706331167383610237e-02,3.383920755255026558e-02,3.136830561819151791e-02,3.163637226010669601e-02,-3.626583284971881334e-04,1.425159740342141039e-02,3.731549558576682801e-02,7.333451553014797009e-02,6.197904491039037816e-02,-1.311349469732065731e-01,7.036853470785903175e-02,7.288442663614935757e-02,-1.371909602154065128e-02,-3.039570721832146605e-02,1.951408381231122813e-01,3.042479873897944737e-03,5.133285542040028071e-02,-8.044465346790201365e-02,-1.076684117900754689e-01,-7.269641502178120218e-02,-1.147532309083890700e-01,1.787030638818876485e-02,-2.122411181524323509e-01,-9.473630137871853762e-02,-8.461508044467203060e-02,1.658688350515216681e-01,-4.791922811913870706e-02,-2.653711188858168604e-02,-4.475890297932298700e-02,-1.290525782257714027e-01,5.328124793909352203e-02,1.194105516751064848e-02,-1.328408548592807936e-01,8.850393854204167965e-02,-5.999873361447099346e-02,-2.011314872972847639e-02,1.097511064079362969e-01,-7.432586462995306731e-02,-5.007022186377675654e-02,7.831888012709883884e-02
9.582055584732643294e-02,-1.850342109360332277e-01,8.233454609020143811e-02,-5.610532825266225515e-02,-4.957549867153115963e-02,-9.805792490334643008e-02,-2.758964425404688003e-01,2.740065864868803103e-01,8.201598607355472387e-03,-4.749008695659348578e-02,-1.738752786650024293e-02,7.985687071027749995e-02,7.725537912498643689e-02,5.052195938988941759e-02,-6.669357083878441061e-02,-6.651603676091499828e-02,3.563778244557579827e-02,-9.249392092759162187e-02,-2.837350996918504981e-02,3.018839065176698658e-02,8.154441719464515861e-03,-2.348031391370292500e-02,1.040262422961694827e-01,-6.190513704431679226e-02,-3.802759178046989652e-02,-6.796350324457810232e-02,2.371033033418795677e-02,1.710009387452662497e-02,-5.379920828743244010e-02,-5.527832040384897394e-02,6.524811008234622511e-02,7.873529219490220388e-02,-2.128702989948350836e-03,-3.512914835373714267e-02,7.067089113684561774e-02,-3.347810291322846771e-02,3.252149222235421744e-02,3.848861673146929119e-02,1.045419062959207362e-01,3.200838840915908035e-02,4.815783891885370288e-02,-6.370577655801276662e-02,-2.499751915465801486e-02,5.314132220506084803e-02,-6.447996857729756948e-02,-2.363770685989752610e-02,9.123555335862229554e-02,1.132100239802523722e-01,-6.952675637877887838e-02,-1.409382905937505148e-01
5.416666002993861251e-02,4.618248949149326293e-02,5.312945022010001628e-02,1.137772883428573301e-01,4.039568751369348315e-02,-1.738160601366324498e-02,-4.151491583384921136e-02,-1.000498498106044791e-02,-5.841912215850512263e-02,2.917430508500975378e-02,5.187464019421061251e-02,-1.505699032316093477e-02,1.130320956657737165e-02,-2.091897254597234121e-02,5.481445697722808069e-02,9.000638743568981082e-02,7.333010004497986234e-02,3.312437061596768678e-02,-4.667165921427489372e-02,2.298056552776233524e-02,5.714708303699611580e-02,-3.766444113366755608e-02,-7.342467657904985789e-02,1.433696302609879514e-01,-6.058046316214747706e-02,7.406356750650829046e-02,1.878759741159556629e-02,9.044781483650955745e-02,1.249139717450355042e-01,1.323317008312619447e-01,-2.138937686937319310e-02,-1.031907359905542970e-01,2.650053233866381600e-02,5.408114181096650847e-02,-7.594746380935006591e-02,1.064258485179072483e-02,2.010634073152639881e-02,-8.496815051670690566e-02,7.992024890629616241e-02,-1.198130746063356816e-01,-1.341957084567547975e-01,-1.281102540454418740e-03,2.076049095234202765e-02,6.654530349540835332e-02,-3.376194255775318703e-02,7.421960741277165707e-02,4.194017405400484594e-02,7.050907375749701500e-02,4.902161254919479294e-02,-8.342983098381727414e-02
3.195974235110722594e-02,1.283291540477408677e-01,2.465712646525453078e-02,-4.709669534442351146e-03,-1.036703506011980164e-01,1.197553036039834540e-01,-3.937293423173732904e-02,-1.015233629890362477e-01,-2.282194937501947629e-01,1.298449515949492705e-01,-7.182895392919079469e-02,3.701702296718627216e-02,-2.896734760514555959e-02,-1.058448991462605376e-01,-6.131118264649613320e-02,6.872140075969457307e-02,3.389528247053900933e-02,1.930057298569100646e-02,6.308679474481661276e-02,5.659739685212460125e-02,-8.827313263101586871e-02,4.284521042497992094e-02,-4.629542658934280436e-02,-6.845226326498828062e-02,-5.411555720445732076e-02,3.718939359210822471e-02,1.403101828648974647e-01,-3.062011687899180226e-02,2.268764344134118968e-02,4.265292470040609601e-02,4.064166768664471963e-02,4.599638587648539889e-02,5.843220549159832550e-02,-3.482394998438718275e-02,1.652373532165453685e-01,2.035275545888599602e-01,5.138757642199499182e-02,-1.121455192277392432e-01,4.941375123222899873e-02,-1.161577241007604316e-01,2.655711820930998016e-02,-7.011613583083942114e-02,9.855451714072982483e-02,1.754625331340583516e-01,5.830177742081744247e-02,6.571117946878764216e-02,-1.375612527506085009e-02,7.052088905677973696e-02,-7.250045515123257345e-02,4.142687901657537974e-02
1.036435441603241747e-01,1.151818612203929365e-01,6.961538409154825746e-02,-1.573997837864952731e-01,-4.869239093695452297e-02,-7.908731816988712193e-02,6.210938518067359720e-02,5.761188307009233733e-02,2.697150722069265871e-01,1.079253860725805786e-01,-7.019930428552297041e-02,-1.289023667908919812e-01,5.892224745717922207e-02,-3.534665434266098805e-02,-9.295929688431156523e-02,6.649698433089509808e-02,-3.838175848558682181e-03,-1.074852622771955458e-02,-4.500309003250124035e-02,5.841476756626185624e-02,4.670363451569522519e-03,-1.064238196820832538e-01,-6.149954176347564166e-02,8.954759306888642606e-04,1.277781655664258359e-02,-1.583048883167110284e-03,-7.097473423976791151e-02,6.172793089248992254e-02,-1.700990631118586352e-02,1.581563426756372459e-01,-8.682512740841195897e-02,2.388874010121911848e-02,-1.500432237966807351e-02,1.792554905712103949e-02,-7.465041522432068477e-02,8.441621315190318137e-03,-1.325744058810821580e-01,-1.306429004322663401e-01,1.622197636269658017e-02,9.840301663413918154e-02,-1.486732839318152463e-02,-3.675157441923918716e-02,8.247658889904598001e-02,9.452028811715168510e-02,4.633584249094011530e-04,-6.309065000445710511e-04,-1.152586336988376536e-01,-1.715944547064339638e-03,3.360767204142417475e-02,2.891422639241783901e-02
4.814249296618985235e-02,1.071362286313152362e-02,5.635150708915769024e-02,1.123044368078200683e-01,8.916056361942856223e-02,1.966270026414916258e-02,-5.244214537599029696e-02,3.826137687054139563e-02,-4.264817789550696264e-03,4.841929389426033459e-02,1.861492832848819085e-02,-1.751696829169253553e-02,1.151245545662256398e-02,9.441176351500996100e-02,6.575111666948831035e-02,-5.446371868101614749e-02,-1.112799377311902566e-01,-1.891628489725227097e-02,3.579438895108452007e-02,6.783129366901416435e-02,4.344079376217165056e-02,-2.986237743481228932e-03,-1.105171591833884609e-02,7.844678710521642284e-02,-4.025906729542759639e-03,4.397004758590641188e-02,-8.708562513178232101e-03,9.586385981104209378e-03,-2.388267823627422334e-02,5.777201147109820240e-04,4.659020148383905685e-03,-1.411093117324147689e-02,-9.658401680760105024e-02,-6.602259457297622591e-03,-3.177629295526591957e-02,-2.520185990659514971e-02,3.267100540191032743e-02,-3.304422078249639322e-02,6.914242258652324169e-02,-6.829044721252650052e-02,5.512397881341739997e-02,3.594107580696642018e-02,5.406229173891529544e-02,-2.690539231793410285e-02,7.548382405507314541e-02,6.336124215312897989e-02,9.956492947011344463e-02,1.472693871180224233e-02,4.992273887630079704e-02,3.172488759423527233e-02
2.588019903027582655e-02,-1.079067167078600828e-02,7.282500181332295097e-02,7.936677140320683166e-02,-1.262223683356206438e-01,5.900574160779151200e-02,1.037664538911310247e-01,-2.573283350258964361e-02,-1.357300903205447551e-01,-2.015437764556739786e-01,1.078550433647686158e-02,-3.763732923487040846e-03,-5.889115104614103119e-02,7.391010304046563562e-02,-9.640500458675656248e-02,1.789146614994396589e-01,3.178599808680002831e-02,-1.540334601453109686e-01,-2.598188716792640962e-01,-1.327301047950894541e-01,3.905181075383762357e-02,2.549288273085512646e-01,-4.835321820510558172e-02,7.477152010959759072e-03,-6.398570289515884135e-02,-9.459432337060671991e-02,4.489844393969905090e-02,-7.683460077288533025e-04,-2.005143464957484176e-02,-8.024644057417503959e-03,3.443828926069026491e-02,-5.166244638855548715e-02,7.541130826140642063e-02,-1.133087279286751764e-01,-4.487397424202076851e-02,-4.162154581638202733e-02,-6.599070173851526167e-02,3.955186921896368391e-02,1.892913845964016850e-01,1.347114874946392926e-01,-6.872641309926501296e-02,-5.014265098551660971e-02,1.237971796648213579e-01,1.021357298882210468e-01,5.386851715140213159e-02,-1.235375828627164468e-01,-6.393959402160459549e-02,-4.555879894607298142e-02,5.555618048779296936e-02,-4.495986886243391600e-02
1.128613503436408788e-01,2.980031845802104049e-02,-2.125718156696225145e-02,-4.331952809394840065e-02,-9.593516317720245795e-03,-4.404748152460298549e-02,8.643243833677540303e-03,-2.753079857719495111e-03,3.273900543297730142e-02,8.138008924641991493e-02,2.565867326651003269e-02,-5.379789877789920710e-02,-3.528204186891898721e-03,1.957279747508966494e-02,-1.016667656997571542e-02,5.615517692391851223e-02,3.654036310525647646e-02,-5.664772448781250219e-02,-4.443445405865760478e-02,7.929487209567345068e-03,-6.948568285624711835e-03,-1.157718318856630624e-02,8.988966181747583273e-02,8.844829814701873905e-03,-3.088855712613452348e-02,-1.010938191867096630e-02,-3.020736844903642443e-02,1.136701074644720644e-01,5.940946605424701765e-02,2.262319075958636391e-02,-5.617954822324323916e-02,3.415547468767469313e-02,-7.891661619865560084e-02,-6.826094254250607285e-02,-1.370945022266201532e-02,3.491264987222030686e-02,1.048274981581374665e-01,1.156839342034013309e-03,5.669131365749329257e-03,-1.506266522754224658e-02,-3.528937453193090913e-03,-3.512872625424331985e-02,-4.358304356850445371e-02,3.050964671711450457e-02,-7.833573896463352781e-02,2.168599741049377638e-02,-3.694346091869015608e-02,-4.655085780313476113e-02,1.746399762626984348e-02,3.331135796983386663e-03
4.968626512795532024e-02,3.039383035001881964e-02,6.838392670224680003e-02,9.886511007589304789e-02,5.271956688824814413e-03,6.332697696371322738e-02,6.310108016776900218e-03,1.851094573643330063e-02,4.352404564345633414e-02,-1.775128068474951179e-02,3.193696717450030670e-02,4.174962053462533823e-02,2.974790845169614228e-02,3.895187537154688046e-02,-3.342529020575060739e-02,-6.318493203368283698e-03,3.725617819220364800e-03,2.949953659407866108e-02,5.845211018449367191e-02,-2.394273384151208647e-02,6.261207280919475586e-03,1.649576806704671286e-02,5.221970719916687719e-04,-6.648280053498101250e-02,-3.750468292726439473e-02,2.514790841123514323e-02,2.901758797526106382e-02,-9.810203499575873010e-02,-1.624491057552973974e-02,2.260728094943460428e-02,7.173817888661331021e-02,4.429923185766664745e-02,6.233773311972480580e-03,2.188854701325511007e-02,4.542267508703431989e-02,7.667837691949583312e-02,-4.722240506953437333e-02,1.357548011974240611e-02,-1.823042938278263136e-02,9.205758678204768036e-03,8.048462711475258199e-03,3.057305473456433872e-02,-2.089502901664161069e-02,-6.340543698785762461e-02,6.698421110455683725e-02,-2.691597534871411831e-02,2.922789567661403590e-02,4.358880017919567612e-02,6.604306608109010435e-02,-3.751318821661547408e-03
1.693259104684543756e-02,-2.249573711723094893e-02,8.769979655922154060e-02,-4.573891719921692467e-02,-2.319152377543016660e-02,-9.174120477696048881e-02,-4.406693644792906289e-02,5.399463632357777432e-03,-1.299952007649880781e-01,-4.092253638098279633e-02,-7.734204484254969536e-02,-4.391825912399686255e-02,-7.770351592735223745e-02,-4.551851403233273669e-02,5.109804220793362495e-02,-6.697228606446589683e-02,-3.075916069238679093e-02,-4.988015963037518985e-02,-8.182385202326811213e-02,-6.918537161426113573e-03,-2.219518601948569300e-02,-4.890502101166880472e-02,3.395922230664746855e-03,5.994824219884137273e-02,-5.476989224185145090e-03,8.150692082791080595e-02,-1.092874979111956302e-01,4.952063539082393606e-02,3.155868525128400354e-02,-3.904219868123642162e-02,-6.622352677630448381e-02,3.756302626691772339e-02,5.145613703066909822e-02,-4.130518446882216338e-02,-5.647295758587898840e-02,-5.682148183191586960e-02,-2.574387247254211492e-03,2.037215868897975998e-02,5.624718588514511508e-02,3.514317816704872616e-02,3.021665105744821955e-03,-6.048010296501306338e-02,-1.215360878984775572e-01,-5.727929512327507855e-02,1.093315626691739560e-02,-5.031019776530593762e-02,3.602824092552329299e-02,-1.253073256450961889e-02,-8.129800464814694594e-02,1.615234469844598897e-01
1.093950963064568155e-01,-6.423642551585443360e-04,-1.626465875334799334e-03,-4.840110193283983508e-02,-3.279030195219719002e-02,-3.056772783659856413e-02,-3.299286386675276406e-02,2.672334560310331980e-02,5.244033478909927715e-02,8.092431594965879271e-02,-3.018566838111709678e-04,-3.258314597196586976e-02,-6.875197711535371847e-02,-1.980680552233397493e-02,-4.012458155361816464e-02,5.374529975747938809e-02,-1.323601508757664760e-02,-4.310667780768757951e-02,-9.081867037784552288e-02,-3.365749160154701825e-02,-1.633858659623264181e-03,-7.922397351145130107e-02,5.613928934431985929e-02,-8.479492033050275990e-03,-3.649666850352354698e-03,-2.051320036165883362e-02,-7.102009369014576634e-02,-2.223939657489998681e-02,2.873693745619453413e-02,-2.009387996724868938e-02,3.837474357683884341e-02,-3.663554331554207816e-02,-5.594499666890594830e-02,-6.122816121156782893e-02,-5.353043826154715856e-02,1.207866066510393105e-01,-1.508800462076583145e-02,-6.889195935638287027e-02,-2.722081909058753427e-02,-1.363700930538449922e-02,7.116891352293251705e-02,-1.224129002457896749e-02,7.384185414883978615e-02,3.234507661669422125e-03,6.090786355512035899e-02,4.007442288418264914e-02,1.795448969892558810e-02,9.019644297533180007e-04,-4.508572709911690818e-02,2.090436330570895687e-02
5.264326877903877100e-02,4.390250828215198214e-02,6.528731603910943593e-02,1.105540177035232302e-01,1.402453264109310670e-02,2.886014546238470022e-02,2.262257207030781911e-02,-1.618623068823813599e-02,3.539910100936153464e-02,5.263842979040536489e-03,6.539076150053947656e-02,4.275146565083612349e-02,6.719618689764729480e-02,1.097910348764879074e-03,4.952356795153630429e-04,4.030843901872057516e-02,1.188041921531125637e-02,2.492881384540847258e-03,5.452765559761071912e-02,-5.690161881323994864e-02,-3.629424882158465565e-02,2.236017274861450480e-02,-2.782111999283030934e-02,-7.054590510817115509e-03,-1.820292410868135785e-02,4.981594825226257073e-02,-1.937544630897042319e-02,1.593806025293008702e-02,3.545875173249927320e-02,5.923386345876981152e-02,4.892738177783976378e-02,4.009726640103439266e-02,4.292664475952567837e-02,3.325955708977322567e-02,2.941870967200697212e-02,8.176778625487086602e-03,-1.852765822914463221e-04,-4.306586872569375529e-02,6.310262061412197018e-03,-4.813184960485332453e-02,2.583107767384803383e-02,5.922991712552193311e-03,-6.770020737697442226e-02,-4.633719897295453249e-02,-4.672829988747349492e-03,5.614461897794539164e-02,5.994749248156504978e-02,7.936435121888751193e-03,5.435586452558131831e-02,-4.181858228599116822e-02
1.599816314724104155e-02,-3.197427607927683796e-02,7.563569531288484582e-02,-2.363448841332762076e-02,-4.199493097364650346e-02,-5.848765242070635278e-02,-1.283535386398721063e-02,1.904995829769035726e-02,-1.578387081196840902e-01,-1.572388850558260054e-01,-7.305718882569385564e-02,-5.720754824852345571e-02,-5.142239299602301833e-02,-2.642524205624101233e-04,5.166611300454434369e-02,-1.791518614278604371e-01,-1.056940310688539303e-01,6.253437953886731293e-02,-6.511038591452150692e-02,4.063065146852973958e-02,-7.410140108229924805e-02,1.475238351861643191e-02,-6.653203386818626330e-02,8.320204530251248953e-02,1.085443985297855768e-01,-2.075806100027684231e-02,-2.112193143971754714e-02,-6.878864781493634895e-02,1.043743265749499660e-01,3.581012587352851162e-02,-1.892362784932794667e-02,1.013152530615335778e-01,4.689741944313812611e-02,1.223230178028999887e-01,-9.512036343500301916e-02,-7.416648306580091166e-02,1.027108435047775492e-01,9.896349154537030512e-02,1.910792717420941103e-02,3.750567857673711702e-02,-3.479712750940971988e-02,-4.551732081936411128e-02,-2.844723868844561791e-03,-8.536705811008203637e-03,-4.339857153657789707e-02,2.561562083962980879e-02,-4.190324922017808068e-02,-8.090669403789085834e-02,-8.158742763289301980e-02,1.667150479832346099e-01
1.203632643941197622e-01,-2.430587123711718672e-02,-6.951535341089458420e-02,2.268106138218316768e-03,-2.437851513431106912e-02,-3.624063307797035366e-02,1.020428763419749668e-01,5.776173665101717869e-02,6.938073171234468428e-02,1.239319565715654714e-02,8.751655377289854765e-02,-5.235764812257392292e-02,-3.046753637305605125e-02,-4.416345281929557297e-03,6.186822185125585849e-02,-1.780391644594080461e-02,-1.924697307430006665e-02,-4.318369512250518766e-02,-8.734958923867576497e-02,-3.660000268265729828e-02,-1.418743177399966471e-01,9.359552377421796743e-02,-8.948625607988080002e-03,-1.446402997388701768e-02,2.291089488293811954e-02,-4.296337387433814096e-03,-1.607444553688518532e-02,1.994103122479210996e-02,4.525084672530255842e-02,5.236306031002006811e-02,-2.386011894137643821e-02,-3.190600710989144329e-02,1.144880239277832994e-02,5.053354866272786322e-02,3.116650898567338568e-02,1.655203469788247006e-01,1.064456629402895337e-02,1.585604950271595967e-02,-4.644750214855416365e-02,7.397453013598535854e-02,-1.790751416795863596e-02,-6.244184349276078044e-02,-1.092742382711401825e-02,2.922121708368174628e-02,-6.099695837744641136e-02,-2.069835219255567599e-02,1.255765825713890844e-02,4.203363973749835170e-02,-2.851692949750317743e-02,-1.402540253087489544e-02
4.319513968995408043e-02,4.711254281196104038e-02,4.813883463411407215e-02,8.483582486292085001e-02,-4.914165758105981489e-03,6.349546063781746907e-02,-3.206492346297105944e-02,2.905294901563236151e-02,-3.693812106551567359e-02,-3.931301575163050760e-02,-4.787325296942019498e-02,2.460254001074273569e-02,-1.437075571214469459e-02,-3.682495303567264594e-02,-2.364006866170817456e-02,-7.879359573117732107e-02,4.014777221879270441e-02,2.682425009434042176e-02,-3.910652719194507992e-02,5.165441832328280386e-02,3.590090065719959197e-03,1.519139029499599891e-02,-2.674113541779196343e-02,-5.200858650932574379e-02,3.429626470169908764e-02,6.382749357087572073e-02,-1.891582732148503615e-02,-4.746516030527107161e-02,9.104459103327669847e-03,-9.167231923557526974e-03,4.710703077977941577e-02,9.140397596101269839e-02,-1.050172003413792250e-02,1.423257769026209200e-02,-1.543980272759513895e-03,-1.844165579313408396e-02,6.227923475184363004e-03,-1.048080844633084291e-01,-6.561378962780539670e-02,-3.360264832221927095e-02,7.643248703440967684e-02,6.129851428324626511e-02,-6.111257949430278467e-03,-9.557179874678389407e-05,-2.494501103527226038e-02,9.520079063296239819e-02,5.851459841563385472e-02,3.887373665901328393e-03,5.629847116039381205e-02,-1.103942709230412711e-02
2.347034987922252958e-02,-1.447320718289140003e-02,6.114439909811675983e-02,-2.956284355155424162e-02,1.878096206635811866e-02,-8.092089696587007053e-02,4.178404136200287305e-02,-1.222466453558390120e-01,-8.260768989203089163e-03,8.573382514308881125e-03,4.964954952528353310e-02,-6.596715957565497945e-02,2.545985314706498970e-02,-8.987465744966682997e-04,-6.838361398871464769e-02,5.497494106418716886e-02,-9.344954452734993700e-02,6.663140435348408053e-02,1.697975552559207180e-01,-6.810101587321343297e-02,-4.761055507632220435e-02,-1.582811557228466226e-01,1.096338695112696326e-01,1.641881764431276508e-02,-3.643919100439095560e-02,-1.320992077297244993e-01,-2.205995907687769569e-02,1.076591325083771193e-02,8.164781751794093420e-03,7.411796237373850620e-03,-5.483417221733502545e-02,-1.686737003402822843e-01,-3.166538435028125320e-02,1.184780789112318961e-01,1.879758742258713297e-02,-1.106056436416760214e-01,-6.450684831061613556e-02,4.989071036532097964e-02,-3.891085746490455244e-02,-6.697833159902791267e-02,-3.336278444777995844e-02,9.140089536037682150e-02,-8.797923171626170769e-03,1.172993478505815340e-01,1.978176974195594313e-03,-4.194566173156297900e-02,6.395294843529100715e-02,-3.426267512652240305e-02,-5.088576264223373946e-02,4.790966206348378637e-02
1.242979872816798448e-01,2.516078717352728325e-02,-1.117365330903851983e-01,-2.525499926223379304e-03,-2.763356908712985907e-02,8.492447260684529708e-03,9.172593716709843970e-02,2.941586452831513807e-02,-8.021697498582905372e-02,2.572725817232856052e-02,3.773440443942800010e-02,2.398798011750786704e-02,-3.052876037834012166e-02,1.620154481408773994e-02,-9.918476826668378571e-03,-1.675219673197696560e-02,-1.744434823782281888e-02,2.068181813731500771e-02,5.686761726212887641e-02,2.033803938108449255e-02,-2.967683833078552103e-02,-3.874805508309541856e-03,9.580776337508825624e-02,1.738055712990108775e-02,-3.767191875345816954e-02,-7.410992087782076673e-03,-5.172880793696530560e-02,3.430375467819200136e-02,-1.442383555438721092e-02,2.507161947135459409e-02,3.990199559838551735e-02,6.784481485152725477e-02,-2.940451249702688563e-02,-7.320620225464753716e-02,1.658901630181432163e-02,-2.491571451951475960e-02,-1.473949811364038201e-02,1.602551985918567942e-02,-5.143683994446544144e-02,7.205898277780994898e-02,2.586759004550474167e-02,8.823054882840163093e-02,-4.326747483008019923e-02,1.639789926931914388e-02,-6.338702521493627673e-02,2.438900493176592715e-02,-3.274149992051173658e-02,4.480056658084620447e-02,-3.397627354757540991e-02,9.223848005313919213e-03
4.091478399880160710e-02,1.855819323932716026e-03,5.401554008585653099e-02,5.233442801659685117e-02,-3.773354502661252930e-03,4.148626911949029883e-02,1.034416200557398795e-02,7.701564606057633919e-03,7.546652000344011846e-02,-4.260163528162530522e-02,-3.791632650118703651e-02,-5.209032917380904820e-02,-3.391177909504509286e-02,1.702611270081863873e-02,2.817911305287029364e-03,-5.187515090925096106e-02,-5.523369558023241005e-02,2.095815249632287935e-03,3.723873372269178965e-03,-2.653993023688693692e-02,-4.769455783618946343e-02,-6.826972055648533599e-02,-2.948890989925604181e-02,-4.777863226913351552e-02,-7.344117864350849234e-02,-1.215275906837009062e-01,6.293844899594534803e-02,8.175158158562947572e-03,1.688587022842615026e-02,-1.338460203678312477e-01,-2.769460498075329742e-03,1.042295398978508453e-01,6.464956845353722788e-03,-2.275786537015467986e-02,-7.361238119059654479e-03,1.138318176218699324e-02,3.487308489011698570e-02,-3.407223544486848166e-02,4.447158717987516330e-02,-1.315119911801086380e-02,-5.847803693785805224e-03,-3.216233892103655123e-02,-4.281944590438392650e-02,-2.092915719475886560e-02,3.442916312334243223e-02,5.535387554070399230e-02,-4.121032862111482370e-02,6.866160167730527009e-03,-4.099838271223112812e-02,-3.264106624340663843e-02
2.475753597904429074e-02,2.722438945570523905e-02,6.426924492760201224e-02,-5.357103170958209606e-03,5.677650474079786944e-03,-8.036804406557782054e-02,-2.478942928899095788e-02,-8.873155855583788471e-03,-1.004187508830997749e-01,4.430118198596084966e-02,6.930795991217129914e-02,4.716340754015486275e-02,3.756984531874274502e-02,-1.807882780147929483e-02,-3.373824324980642664e-02,2.502940610477448133e-02,7.739879620883811928e-02,3.161375980413427822e-02,9.941853016755688999e-02,3.399933242293856628e-02,4.306743151643229600e-02,1.221225419480136687e-01,3.258121432378589810e-02,-2.855589345924043274e-02,1.169191476235577169e-02,2.030993718089831312e-01,-1.171354623139509582e-01,-3.920441981562899220e-02,9.685499484943760687e-03,1.344098800033902419e-01,-1.049857824987834309e-01,-1.649459782351850590e-01,-3.034570597538211074e-03,-5.479418112632571114e-02,-1.124261967947724067e-02,2.679285918828146901e-02,-1.303810102562158284e-02,5.554776014561378650e-02,-3.920663630276286643e-02,-1.058289596649224923e-02,-6.123353413339150536e-02,-2.944105594781924740e-02,1.060122865751875025e-02,-2.048600429067476414e-02,-8.093108978629078715e-03,-1.175833492586125240e-01,4.505575533118980069e-02,5.159641348526013832e-02,7.982786476760297956e-02,2.980725599862652994e-02
1.149438727609147642e-01,1.502663052165555471e-02,-3.799606985873665160e-02,-3.841932965323440613e-02,-9.047050167923843811e-02,6.680609094255452948e-03,7.030572994289330246e-02,5.812014807755665896e-02,-1.323429950897338503e-01,8.149400056127359404e-02,2.025325993573462088e-02,3.433421413744253137e-02,8.204792877402609930e-02,-4.411200192071840741e-03,-5.035403884769489719e-02,8.517948512531639538e-02,-2.297711263622161451e-02,2.759518744630923628e-03,5.545101827208596262e-02,-3.197521859168236946e-02,6.367560603724274626e-02,-4.247028801439430359e-03,1.372672485257383362e-02,4.630934256287100315e-02,-6.558244403515246790e-02,5.237687053924963698e-02,4.407291723520688487e-02,2.821196345246758386e-02,1.489864308403995689e-02,1.507147669508307822e-02,-1.322922806388167913e-04,5.829819852306041689e-02,1.548819051012640530e-02,-3.527741221283138551e-02,6.006026068119810213e-02,-4.814073707282737202e-02,-5.445645192224696923e-02,8.328337970930897727e-02,5.835970616856506199e-02,-7.715187066051923566e-03,1.016929653446565496e-01,3.750199138438057439e-02,-1.743185899617569895e-02,-7.459579719368002182e-02,-5.969003384532219070e-03,1.460038079994909754e-01,-5.393905435374738572e-02,-2.102597487528219330e-02,3.774477457359950300e-02,6.513872264927855760e-02
5.012643763635468708e-02,3.233987876963601016e-02,6.699469985266567895e-02,1.027523414129985768e-01,2.705919675370997701e-02,1.982116798155325252e-02,-7.204789250991367085e-03,-3.168374643496464638e-02,9.769228341867783327e-02,-1.176890589261111834e-02,3.013737451128419009e-02,6.553946721068165671e-02,-2.611407161634219168e-02,4.898810951264019782e-03,3.061461806396263696e-02,-3.030379011460949609e-02,-2.424000523371590624e-02,-2.044220358205534049e-02,-1.233448737317835420e-04,-2.139958679259551348e-03,-5.058874315964924373e-02,-6.690552073856560755e-02,-1.287627281581057038e-03,2.600078330939462751e-02,-3.032764903655271044e-02,-8.746812628120193001e-02,-9.920140443022355814e-02,-9.895575880724025164e-03,4.201338966348940746e-02,8.822695529710220322e-03,7.519471885537502842e-02,2.805587655632705429e-02,4.776461937496440796e-02,3.641735499716225542e-03,-1.226469866921007373e-01,2.784369781675063299e-02,2.678399517734496998e-02,-4.272784660411106661e-02,-1.470182780745996759e-02,-5.625637645084750893e-02,-1.785080419007749677e-02,-3.369185057240476049e-03,-3.269300631655275291e-02,1.047873770775953513e-02,2.151766908009805981e-02,-4.967568922360950795e-02,-3.394034887168719331e-04,9.062185091311353302e-02,3.848468422458149914e-03,-5.209990272941039668e-02
1.811329398774438534e-02,-2.625916878187316977e-02,7.995593696729642874e-02,-6.952204161435716900e-02,-1.092521901647719755e-03,-8.092295544979484501e-02,-6.269379867703605419e-03,4.923027831630776702e-02,-1.318426530637943905e-01,-4.214143354011954529e-02,-1.032012798853199770e-01,-1.032806718827464360e-01,-1.525029871679410218e-02,-9.520381097403418300e-03,7.841800288058586865e-03,-1.596149610964996482e-02,5.744913515478261568e-02,5.079252638485296650e-02,-1.592097293683162815e-02,-6.628872978049844301e-03,-7.149306277138549326e-02,5.662687978070802403e-02,5.521757100872867058e-02,-1.013160590555126500e-01,-1.089181952738860031e-02,9.942435749309944115e-02,4.073076344192615855e-02,-4.093400548723879345e-02,2.171359081148595618e-02,-5.791183440858971299e-02,-2.174740439383604507e-02,2.244025336425754108e-02,-1.093694525334374668e-01,4.968187038370998343e-02,-3.522174084288447887e-02,7.266135791061256732e-02,1.416178967256037091e-01,-1.201525422917877894e-01,-4.531762308606932660e-02,7.358287707438219971e-02,-2.493149447888867720e-02,1.133641480382215939e-02,1.967260035675562346e-02,6.044095576821386859e-03,-2.520604939263331179e-01,4.574492428141167105e-02,3.680182617822309182e-02,-5.596464454524034682e-02,-1.715696701897220788e-02,3.108916927464715554e-02
1.152419795051740914e-01,-2.872251103680147424e-02,-6.291182407258116838e-02,2.114614902556487958e-02,-6.671396989150249479e-02,-2.537230775728160914e-02,5.288741290241374786e-03,7.219629534398840087e-02,-1.156855334789933243e-01,4.168655278370654582e-02,6.559015163250614400e-02,-8.734781032161433034e-02,8.521874203731921726e-02,-7.146913855477550308e-03,-2.168879343446909747e-02,1.001394102662461622e-01,5.132438064785903309e-02,4.507223585420401524e-02,9.571779923085189934e-02,3.184783468214026636e-03,-2.769439116907703932e-02,3.730454559440136986e-02,-7.463947474062945786e-02,9.957282496123075199e-02,-2.228130873187990357e-02,1.290227410729451740e-01,2.087887505137758434e-02,5.202178857631274689e-02,3.569339340533926597e-02,7.013068057753672757e-02,-1.000684675149077218e-01,-6.041925553952191136e-02,2.798616043811458926e-02,4.727758997484162416e-03,4.071925960726908295e-02,3.993015078289743891e-02,-1.084146202970845269e-01,5.695088766836926136e-02,1.289363811424877604e-02,-4.860992615693154190e-02,1.224400570603960403e-01,2.589126706705045106e-02,-3.049331237063999597e-02,-2.844844696861180411e-02,-5.835160429184560460e-02,5.403457781033170482e-02,1.822482066665601693e-03,-1.157839732218737400e-01,5.219994414717202269e-02,4.702613470773552712e-02
4.948259329137345147e-02,4.004870060353284827e-02,6.755946410040583605e-02,8.084750853997976772e-02,2.473495797051545111e-02,4.369836220590031517e-02,7.575631347337709581e-04,-8.388894507714338492e-03,7.383435153311677934e-02,-4.652114815992027148e-03,1.642232618702663127e-02,8.333197268560062210e-02,8.489228333674995325e-03,-3.658226116281996371e-02,1.881942617557255063e-03,-5.667065202962377757e-02,-3.091884293228777669e-02,2.011793292897622737e-02,1.084728404661002357e-02,7.620164393642375224e-03,-7.765138568437596027e-03,4.297912049626850112e-02,-2.554096920926837364e-02,-7.859563537981069381e-02,9.518980375451685169e-03,-2.393329289548484090e-02,-8.049081524539389298e-02,-6.729537372183154453e-02,-3.038713402696580426e-02,1.026629355887822290e-03,2.658338836430184857e-02,3.271186893151996344e-02,6.289395829697913554e-02,7.465076136502533412e-03,5.516247852222667947e-02,-3.006860860310924671e-02,-2.971968045467388714e-02,2.318567169002727288e-02,-6.185074234937600751e-02,-2.277234651333641044e-03,1.527711030844421114e-01,-1.323157481464472957e-02,1.141288244936145557e-01,-5.315078284753009530e-02,7.838489507349127861e-02,6.421761189813790516e-02,-3.978583884446435306e-03,3.701664262393519061e-02,7.050136874202843351e-02,-7.561921477249487766e-02
1.515924656186178228e-02,7.276336924488767456e-06,1.077214753380870554e-01,-5.339165118818773453e-02,-1.944238638571660349e-02,-6.004238979308258034e-02,6.736556526201378792e-02,-5.036367357337259015e-02,-7.793600069823315712e-02,-5.257524704278475347e-02,-2.703542433553517838e-02,-6.017830899177258053e-02,-8.267683297398994990e-02,2.737427369514888395e-02,-2.571536633215647585e-02,-5.639602266296665084e-02,-6.245368635999003909e-02,-1.404300520758875598e-02,-8.203667339991579932e-02,5.659003802201169331e-03,-7.960387436440917452e-02,-1.805426391880399217e-01,6.685095228563592284e-02,5.122464079485532923e-02,5.352594300579274073e-02,-5.384913742063121567e-02,4.793730409300645673e-02,4.151920108294963885e-02,1.100193407092646819e-01,9.099027097804630870e-02,1.063399046882931021e-01,6.304957314574629289e-03,-4.728754154583556836e-03,1.311854492339481759e-01,-1.233665990558180381e-01,8.872194906359789912e-02,1.116382237843705494e-01,-1.475055043509064523e-01,7.697887283507068301e-02,-8.551136568676638572e-02,-2.923648642564585787e-01,5.721593982174775356e-02,-7.358345781809991215e-02,1.386314167842289946e-01,-5.000225462708835639e-02,-4.029761196480007718e-02,4.126854892899498375e-03,-3.368979983330547268e-02,7.810722413053342028e-02,6.100129198171988509e-02
9.985250974976915550e-02,-1.918099074249827729e-01,7.014434880764933156e-02,-4.747134730074954040e-02,-7.856746252974686207e-02,-9.063990262062836256e-02,-1.121024278125515306e-01,2.732541639089755559e-01,-5.356619919431725163e-03,9.367576659006029982e-02,-3.933852376608272527e-02,-4.615135659664713202e-02,1.296036625939690490e-01,-1.879748331761316865e-02,6.670360298909699948e-02,1.059568592960978273e-01,4.382967795865382737e-02,3.677948830284418630e-02,3.095638088875542291e-03,-1.166790411856123005e-02,1.933448505724094310e-02,7.682700549765250631e-02,-4.472870124791155505e-02,-9.054370038749039520e-03,-1.297900382833156729e-01,9.352597030109655041e-02,9.175529004150020929e-02,3.948168324315960015e-02,-6.790171867496390921e-03,-4.428646297313372331e-03,-9.673551111987319095e-02,4.707532159365559327e-02,3.982522187071685371e-02,1.688830775661252130e-03,4.303288126660675950e-02,2.306886150573368710e-02,1.025409876316823142e-02,3.884151523422988556e-02,-3.655156568874610989e-02,-7.860419126501165532e-02,-6.019550136096099568e-02,3.092917918783178594e-02,3.248993143934662819e-02,1.019501308591568289e-01,1.628124182804991521e-02,-4.452714366647409633e-02,6.162506249119984077e-03,3.250271728168813851e-02,-6.429201793180416152e-03,8.785185809291069098e-03
5.502967947898448897e-02,6.451211962174306647e-02,5.943794873660083328e-02,9.500162918754441466e-02,6.043432398140721751e-02,-1.394613599701724146e-02,-5.157564085070437399e-02,-1.873071011719261089e-02,-6.550944651748714931e-02,2.607779459974956041e-02,6.793799380018102074e-02,3.359546487199762538e-02,6.469607298977526899e-02,-1.152706234595418655e-01,5.507699690290941176e-03,2.615080730214639285e-02,3.026421213905945012e-02,8.253531936888892570e-03,-9.416943148998029034e-02,-2.030280883303911196e-02,1.570084951573355314e-01,3.220206001743926294e-02,-9.803384820776243902e-03,5.427043812754899638e-02,3.512837835660936880e-02,2.510926479397462482e-02,-6.525878847457822207e-02,4.616768361846343080e-03,-1.345643060778023078e-02,5.071189880713987408e-02,-4.534561760999604907e-04,-5.620691933574206711e-02,-9.019478688383283926e-02,-3.111405028735294426e-02,-1.813023886681987273e-02,-5.757695167016655541e-02,-3.606145636075666627e-02,1.960905964902684775e-02,-8.307602436096683807e-02,-4.628996642080995816e-03,1.362073934453743584e-01,-1.146390598513862408e-01,1.535217494950346338e-02,-8.649709347578882213e-02,-3.100101680734269199e-02,2.757105947145747568e-02,3.836129038292289406e-02,-1.168715162006586095e-01,1.236273986059684138e-02,1.699033425278206888e-01
2.749195902404992162e-02,1.076954308960847984e-01,5.305719311745941275e-02,-1.022078247298320759e-02,-1.434359813495375280e-01,1.245917565476356570e-01,-8.552449943775221330e-02,-1.870065451647517640e-01,-1.495893974483439859e-01,4.139223426759390534e-02,-1.841919730481263451e-01,1.037160687823262956e-01,8.737935774575775194e-02,1.530736409681525967e-01,-4.301681527827296708e-02,7.150443928361485679e-02,9.657347983193965979e-02,-2.065147647455154445e-01,4.143996817000150656e-02,1.242212304228974273e-01,-1.314492978213686880e-01,5.230743012596126423e-02,5.567538422925818326e-02,2.284444758721665414e-02,3.860234787583014665e-02,9.696830791667676586e-02,-8.171381612153784391e-02,4.060254728967141458e-02,-2.413570840067768772e-02,1.042320740980518939e-01,-6.492884602178584930e-02,-9.070345020652317847e-02,-8.302913736713954038e-03,8.534316665233179777e-02,-2.233504597990424931e-02,5.072314817527093928e-02,-3.362726283699950941e-02,1.081884103751381693e-01,1.645349480082030358e-01,4.673162857838605855e-02,1.942877077501461436e-01,-1.103906011589608355e-01,-3.470768927630206099e-03,3.488203383104519772e-02,-1.298216304186009321e-02,2.765796244337079962e-02,5.970565015421885890e-02,1.899910316836346535e-01,-8.313191298886912772e-02,-8.187598135506508890e-02
1.070642337714004660e-01,1.567316912684725561e-01,2.420130927884122859e-02,-1.503866122594091081e-01,8.864620042267626343e-02,-6.162193813924318059e-02,8.248232452429224426e-02,7.337298209766789092e-02,2.424784290189319069e-02,6.848705578738942257e-02,-5.468150794819139765e-02,1.974592540501232327e-02,7.647404242564365129e-02,-2.183835344086054037e-02,-3.619892346435007319e-02,2.152180969827889589e-02,-1.822282347155524188e-02,-5.357193507078714112e-02,-4.400474339081580921e-02,-5.808858830281862090e-02,9.194025187241629954e-03,-5.276076050085377195e-02,1.964779116455112398e-02,3.827888618617296401e-02,-5.130461435581286367e-02,5.261680584859634163e-03,4.953010253028067300e-02,7.800420068688622248e-03,1.884643501453386882e-02,-1.249630946469222105e-02,3.567738700889779707e-02,1.786174565712348589e-02,6.941541402192322185e-02,-3.482016381208862671e-02,-5.627653700351732680e-02,-4.070470001649708486e-02,-3.671740392763268857e-02,-1.183101170074679458e-02,1.584437217532926045e-02,1.435434405000124251e-02,1.829994167766478162e-03,-1.000229699357845642e-02,1.855771806440983593e-02,-3.624640506068595863e-02,4.804903867539463136e-02,5.227210356297294636e-02,-3.532539161278728385e-02,2.079825560203550638e-02,2.568221065533119601e-02,-5.985151971337031307e-02
4.919822417730659869e-02,-2.824652452913931598e-03,6.400569422261410957e-02,1.125447801367779055e-01,2.129423424332462303e-02,4.085926155145527816e-02,-6.443883890289385519e-02,1.439331221936162230e-03,3.441781840267009451e-02,6.137884378997979923e-02,-1.666312203434991380e-03,-7.123604960010927745e-02,-5.092442133739587262e-02,1.273336495827339654e-01,-8.761101930374556868e-02,-7.124584114285778536e-02,2.525219528282066431e-02,7.425870207485667229e-02,1.211989898815523173e-02,1.006748133714773924e-01,4.647806827159563919e-02,4.008604673999562051e-02,8.091076494095036584e-03,3.475929337307824551e-02,-1.086143693076946082e-01,3.774965392371813777e-02,-2.015891599269842641e-02,-3.275033395607955533e-02,5.501881307636301288e-02,-5.465106867130038737e-02,-5.214509499704858553e-02,-1.156486594174174244e-02,1.617072510869090388e-02,1.696268425948591757e-02,-1.065818206670408053e-01,-1.399619127672538127e-04,6.909384378196456455e-02,5.734712237142685493e-02,9.306625672454889309e-02,-3.740376982773187600e-03,-1.444037277703041217e-02,2.916647467964129936e-02,3.619897072061998428e-02,-3.605144795675379460e-02,7.339019955988113075e-02,-3.711219083653497647e-02,-7.064209655028377832e-02,-1.386913821327708136e-02,-4.795588275944030060e-02,7.499776798041728199e-02
2.418668218288839641e-02,-5.455539559349433659e-02,7.337051059930731201e-02,4.693637924323559169e-02,-1.503128736845572577e-01,-6.952482569831536230e-02,9.485078890453342570e-02,-7.541750402978998624e-02,2.395340437713838061e-02,-1.440556394218442116e-01,2.028044817521448481e-02,1.470439940440928378e-02,-2.331238503409566523e-02,-3.983780192753989119e-02,-3.205179797504673772e-02,1.843937396867164069e-01,9.059237561168161784e-03,-2.254616529309306783e-01,-9.364798967596130175e-02,-3.230515602421427102e-02,4.983708022192925163e-02,4.346296938766809614e-02,-9.494079606435196217e-02,-1.271109030808883211e-01,1.240716412078239628e-01,8.041255317203981068e-02,-5.323465167511055862e-02,-7.614146699395515916e-02,2.496900089547966078e-02,1.377388382759927622e-02,-1.647280326281140295e-01,4.707013319594752221e-02,7.009845474150067091e-02,2.448238474469531956e-03,-8.296028920214398861e-02,-1.158124036631868747e-01,-9.613782318909747104e-02,4.862365784812554270e-02,-5.428675178896024550e-02,-5.631752366333570708e-02,-3.150853044416917353e-02,7.036585897885394222e-03,-2.576919228465447409e-01,2.500885295219773541e-01,1.503085759622852791e-01,1.387427271475458190e-01,-4.559566606604200517e-02,-1.254907890916969748e-01,-1.341394404219223291e-01,-6.293603944960436680e-02
1.097044042116440410e-01,2.761227361057484037e-02,4.665798860689918288e-03,-7.696648961624541485e-02,-2.102298616415228943e-02,-7.359316455457587391e-02,-4.377064602321074048e-03,1.151104886225718694e-02,1.189053643491325835e-01,3.468719817696799823e-02,-6.026257792601415197e-02,-9.790354879238877261e-03,-2.556887570147567748e-02,2.241265233163198742e-02,2.553616309268797943e-02,1.012681833407641594e-03,-1.686877714424059880e-03,-8.160455140463407364e-02,-7.865707592879692123e-02,4.142870099945245022e-02,1.954972548813727756e-02,-7.541703244196147973e-03,5.140756359640327733e-02,-9.884134318384283496e-03,-5.892155896330062564e-02,5.402763143669498530e-02,-3.411658477420521918e-02,2.639732224688551634e-02,4.858151973035697291e-02,2.658436540553807056e-02,-1.589806547828274963e-02,6.971097257540136150e-02,-8.053157867902731304e-02,-5.609936408685496645e-02,-1.555580788062889235e-02,1.509774649266493185e-02,1.347202713075478300e-02,-1.549700632272216910e-02,-3.904081692463497871e-02,1.060246743157748986e-02,8.395779255245888750e-02,3.698633880603505869e-02,-8.250947931389124301e-02,-2.361642729231527437e-04,-4.641553177893915916e-02,-1.352647388494999936e-02,-4.485852950664871719e-03,8.289155032849374050e-02,1.151459668793193038e-02,7.610073268693892667e-02
5.358297035006270859e-02,2.909592329459624940e-02,7.156263519197399170e-02,1.102082457353111972e-01,2.252563681727813918e-02,4.129002501393098240e-02,-2.040920765627272926e-02,-3.224887136624908935e-03,2.340175286557450926e-02,3.418702477122813332e-02,5.023803765437108437e-02,4.023866876140231447e-02,3.369851027857646841e-02,4.573079894267873674e-02,-3.348415875624938948e-02,-8.404115441565273474e-04,-1.791470760404557938e-02,-2.297083923556475851e-02,6.316413503152402964e-02,-5.404727851641211861e-02,-2.414216488898656213e-03,5.451891496103004192e-02,7.520448005059535146e-03,-8.181244604018315936e-02,-2.049534381759864771e-02,5.055276846147010138e-03,2.832725909270708206e-02,-1.525489539232323388e-02,4.468209700288472419e-02,4.059314720646318292e-02,1.006904949580723040e-02,-1.270892597727533990e-02,-3.183149421925291281e-03,-2.528373704893747964e-02,-8.284654849041105888e-04,4.866493159316145900e-02,5.334286632175827547e-02,1.479242817146449651e-03,5.285057986510860450e-02,1.348665043059976872e-02,-2.641233991692757202e-02,-8.195704965518521568e-02,-5.411543709362268140e-02,-4.670436808210230023e-02,1.432707115856454196e-02,9.308716241570487437e-03,4.313531823434000462e-03,1.361016565685600581e-02,1.297526296585511940e-02,4.828795837068577956e-03
1.656357219007798670e-02,-2.730153118289976172e-02,9.147596101126148627e-02,-5.761316048203057177e-02,-3.306732440186446048e-02,-3.727038846808752165e-02,-1.484974980851450771e-02,-5.175143657359513281e-03,-1.809791121147310000e-01,-4.490157816804226515e-02,-1.402890444902145373e-01,-9.600227500668409575e-02,-9.411026906155274541e-02,-4.861586853253629416e-03,2.207667480100701865e-02,1.235409104636746129e-02,3.758873289117593136e-02,-5.643948215558853947e-03,-4.559664908458255922e-02,2.643247722383435319e-02,2.216504707840841193e-02,-5.834489397991194509e-02,6.716221783208309315e-02,5.796643422173964472e-02,2.253976197587567384e-02,1.248981454029039623e-01,-1.944258567596972853e-01,6.488938615758298167e-02,2.725425182403835508e-02,-3.835118371160110146e-02,6.003753583170464564e-02,2.513749447452729574e-02,-3.382387714431006609e-02,-1.271672426154059898e-01,1.477051540629601561e-02,-6.831538680557831811e-02,4.621185763068379887e-02,5.856809811410051969e-02,1.921041325391658477e-02,3.352989512374370679e-02,7.171596958251222342e-02,-4.322700702389511290e-02,-1.646742815749269728e-01,-1.053290274037335106e-01,2.669938201867073577e-02,-6.041502595978091861e-02,-3.299944451374342558e-02,-7.816094549618878007e-02,-1.446588696690547307e-02,5.194662980816176778e-02
1.083404864287916131e-01,1.693874512700069279e-02,2.965571916979729307e-03,-5.238877726289481451e-02,-2.127551110345438437e-02,-1.785603619056407368e-02,-2.137143680343044690e-03,1.611041549571127704e-02,-5.453101057749135117e-02,4.235883485725470271e-02,-1.455433829316182294e-02,6.809079120124572615e-02,3.003359793002719283e-02,1.204830835024540622e-02,-1.048427853422276984e-01,1.899651175097665998e-02,-4.511593399144642191e-02,5.037079368772033605e-02,-3.905580854065229812e-02,-8.714740552862145287e-03,4.126643760106168263e-02,-3.687628710514556651e-02,7.405185897996249822e-02,-4.028561828039851217e-02,-5.412934556065131242e-02,2.869070578371530397e-03,-5.016852825974561780e-02,-5.750779349435973520e-02,-1.536579293853034683e-02,6.524894495912636483e-02,-1.172820970549475102e-02,-1.163725617530659423e-02,3.188370838994802198e-02,-5.794161088849333202e-02,-5.806263202037344195e-02,3.604854462603399728e-02,1.004369017743947656e-01,-4.390360000519823169e-02,6.686393595162605508e-02,1.750463601715519790e-02,9.743238102257074928e-02,-4.643063106442398696e-02,3.571361715889955629e-02,-7.111508291813345428e-02,1.101746083435494947e-02,6.860872957249450343e-02,2.483086481748233293e-02,-5.534069353650849371e-02,4.053628529041090542e-03,-2.651501523554818454e-02
5.244124692475324312e-02,3.712020041616171523e-02,6.716881723519249614e-02,1.116241186498312943e-01,2.231247240148781161e-02,2.734301843265339593e-02,-1.784008366505105206e-02,-1.082254646421521027e-02,7.265673840210495893e-02,2.498677551573694200e-02,5.496426578688175940e-02,5.382909301638244548e-02,6.368118706969495835e-02,-6.430296362214808770e-03,-2.057353175429335601e-02,5.416848543706105634e-02,2.194796427478517414e-02,-2.204966288408854655e-02,7.282140023338322388e-02,-3.056204730445074517e-03,-1.050218898842703290e-03,-1.368861910165883149e-02,8.225664862513238501e-03,2.013330288697393403e-02,-4.283779503503083730e-02,2.136859123114854750e-03,1.173760330858335255e-02,4.561952073208499353e-02,1.776092876031525394e-02,3.920027223136875877e-02,6.235854335479578542e-02,1.265773746763743102e-02,-2.175690186975913487e-02,2.270514584482178754e-03,4.231124902014449934e-02,8.028294520126886061e-03,2.594841890170015639e-02,-2.689797137342856987e-03,-2.041936451733207189e-02,-1.943457252782495107e-02,2.123454183770802708e-02,-2.922968458651087689e-02,-4.384625244532616012e-02,-1.023053786411175642e-01,6.259613634810845192e-03,5.062462832892487136e-02,-2.686782693350680054e-02,-1.632383571075239626e-02,9.642213916220903139e-03,7.801222766561731470e-02
1.545087916555618578e-02,-1.798053008251946847e-02,9.904717731992326857e-02,-1.523793473909270356e-02,-5.219373358092434245e-02,-4.343731141813880064e-02,7.420440701580822973e-02,2.135313955178045828e-02,-9.146909856822868501e-02,-1.142929638804993514e-01,-5.401529420779608431e-02,-1.422005137315650591e-01,-1.436175402741017570e-01,6.729825273067825686e-02,1.452903788722295364e-01,-9.288733253039947735e-02,-6.703128190934846964e-02,-2.737783689100012352e-02,-3.182658913538852219e-02,-1.089371533342368553e-01,-1.652094317365022241e-02,-1.263601305318809986e-01,-5.430990029771504829e-02,1.687079558129076298e-02,1.156903449592594918e-01,-3.857112652563125278e-03,1.739345877613535443e-02,6.000131670232048547e-02,2.671629123386964899e-01,-1.527392361895851640e-02,4.896390450744662892e-02,6.847019634325026295e-04,-7.056579472544344256e-02,1.133706722476601064e-01,1.935867373772601763e-01,8.141537655305810389e-03,-2.510735691566722827e-01,4.602923656137913877e-02,-8.945765108023183421e-02,5.865959272698451771e-02,2.331375473168608992e-01,-4.294527029496571918e-02,4.896076125112530653e-02,-1.513402618702703933e-04,-2.491853010055338630e-02,1.432314278540083863e-02,6.678566681310445924e-03,1.142884570013115997e-01,-4.699674329539899748e-02,1.185783003298680333e-01
1.174696222321381656e-01,-2.487558391074204747e-02,-4.653221489454567594e-02,-7.269782146034358891e-03,-3.739902752727763263e-02,-2.487653047341803828e-02,9.742716936526216176e-02,9.114248670092153781e-03,5.259246783151599880e-02,1.413441215567112948e-02,6.461920672179818914e-02,7.498093635480026185e-03,6.183775508315624003e-02,1.739642828610657790e-02,2.712939485485444183e-02,2.976126518524547029e-02,-6.947142194337478649e-02,-3.964970875616898732e-02,-5.686931491661671029e-02,-3.679472506024921569e-02,-1.533962915862972509e-01,6.149030788406018022e-02,-3.957023105261116280e-02,1.640018709224198498e-02,-2.488316356152663056e-02,-5.300854840001926332e-03,3.189619815983852497e-02,-2.533175662457027785e-02,9.740668008613391493e-02,5.023706246468626069e-02,-3.957089133370651768e-03,-3.413796490496832231e-02,2.791565373894079258e-02,1.355902862901225414e-01,2.028823651965936531e-02,2.810750922383942543e-03,1.965461026528221924e-02,1.136170643486114282e-02,-3.742828523187544110e-02,5.445432992348477053e-02,7.047084418640847669e-02,-1.272377701136756245e-01,-2.201141313969888144e-02,-1.141907228317188758e-02,-2.191434678496791653e-03,6.541098788775327744e-02,4.125139253800746975e-02,4.219332537823378831e-02,4.361134742808944753e-02,-6.070661642418520056e-03
4.449115313509157538e-02,4.163136722512890409e-02,5.115914541652622632e-02,8.764950286713656114e-02,1.133118662138754736e-02,6.159933182440020805e-02,-2.577866892026275253e-02,4.325847583705094007e-02,9.413805297381097961e-03,-2.115992540321059642e-02,-5.728946946672480722e-02,3.576147970601527976e-02,-1.675195769368273717e-03,-1.947711062466084969e-02,9.294589271727981498e-04,-9.178192527914162679e-02,3.517045637774412342e-02,-2.953328760906702780e-02,1.701192950735263068e-02,2.848295476895073772e-02,-1.216883950472022816e-02,7.825471911564556293e-02,-6.506597352847146715e-03,-2.782160111249015050e-02,4.784322763704632747e-02,4.590275747074881035e-02,-8.204012595249761397e-02,7.799542058614487849e-02,3.118243358266938742e-02,-1.085179321657435067e-02,1.157587678666426381e-02,2.491898443824180215e-02,-3.592708286849814747e-02,2.473759451113951777e-02,-7.834980179205007500e-02,-1.432898992629247532e-02,4.045611060252822522e-02,-1.132716255301948749e-01,3.013489236294256829e-02,1.412907085449465958e-02,1.012705277447869812e-01,9.098068618968607746e-02,2.144347818259744604e-02,2.985780983621048879e-02,4.258895215273050122e-02,-4.189619847668151278e-03,-2.625145145946887124e-02,-5.428669827587839780e-02,-5.386350115645631431e-02,6.829522942655794071e-02
2.191476409597636205e-02,-8.851998404829806641e-03,6.519160394531957337e-02,-2.651858416865221849e-02,-3.445546870749657559e-03,-9.958799456157492458e-02,4.944909099613979675e-02,-6.714435973300467153e-02,-4.247941907741265011e-02,-3.351924861139119697e-03,5.674627233310993585e-02,-8.716103552807195898e-02,-3.738660390381873949e-02,1.240932802692455011e-02,-7.098337242668524560e-02,3.029697857484055235e-02,-2.764104356760825956e-02,1.195886333283688041e-01,8.229493832716572310e-02,4.990704666369721876e-02,1.356629539215280754e-02,-1.601489760778922744e-01,2.138947885861977594e-02,-1.261741874539830041e-02,-1.251456788841921741e-02,-9.146670933754395827e-02,7.514020257896177057e-02,-1.292506163250648488e-01,-8.533000591591030637e-02,9.040742011416599833e-02,-5.153746201136536614e-02,5.953880197060496329e-03,-2.432237884630606903e-02,-2.342964339954965031e-02,1.318004212916032980e-01,5.217637835180711364e-02,-6.258646707362681104e-03,4.513154243685695011e-02,-1.321095586819331369e-01,5.308896503731704020e-02,-1.146503332377564049e-01,-9.452052414094598565e-02,1.746608665082377276e-01,-6.241777335779307573e-03,-1.284593114018064974e-01,-1.287688598740102837e-02,1.809746354698730242e-01,6.198623113686805436e-02,1.058708789569078879e-01,-8.867754469989222454e-02
1.220397031619625955e-01,2.605360042069803164e-02,-9.068047383417987550e-02,-1.341826811657921559e-02,-4.233786767714126792e-02,3.820789476256945122e-02,7.803007796280198027e-02,9.670358652808739783e-03,-1.004079650282995867e-01,2.141589275621622046e-02,4.218666632073129336e-02,4.647981353742731275e-02,-2.823367377994215593e-03,5.212666707294450613e-02,-8.824270620516013949e-03,9.837709491290834007e-04,-1.645402328104757228e-02,1.566382476053997802e-02,1.018086761089808390e-01,3.558377746452239671e-02,-9.809863506313534764e-03,-3.146072014967243868e-02,1.012767339642138414e-01,3.363360277972645557e-02,-3.978622343923821081e-02,-1.774907610411954884e-02,-1.297950938440180571e-02,6.823079311755213261e-02,-2.282422642481916203e-02,-1.053318468373714081e-02,7.461434476983236364e-02,6.019459429048473753e-02,-4.110832733538864053e-02,-2.746777230076799525e-02,-6.339248540133009258e-02,2.434246133339265997e-02,5.973154622928669721e-02,3.109200750668708602e-02,-8.750354923879638536e-02,3.694523739794735445e-02,-4.573714278522293675e-02,1.680584589614105701e-02,-1.072581035377442593e-01,-2.429242054394334382e-02,2.970742592216187288e-03,-5.112854487073942820e-03,-7.062582665761917011e-02,-1.763669473273324004e-02,3.930779658960439210e-02,-7.295462853583839502e-02
4.397012345372362102e-02,5.503162020033833778e-03,5.844221117821496447e-02,6.477904047462383630e-02,3.169267170171515685e-02,1.752534428585632645e-02,-9.033169986067086238e-03,2.680882715286883600e-02,4.392108457172103769e-02,-7.814198588011123797e-03,-2.609245755548349199e-02,-2.310295921521153539e-02,-1.006857620926494487e-02,-1.115700513089809380e-02,3.001467301463353696e-03,-3.526822145310552076e-02,-6.096900402136858077e-02,-1.292496893707706200e-02,2.483528087002161589e-03,1.294442663294983337e-02,1.390387512730898237e-02,-6.416799269013553908e-02,-1.532804719504553964e-02,5.730351749879573908e-02,-6.799626155653129556e-02,-5.334144102956601963e-02,-1.839244276440543712e-03,3.782516363444732993e-02,-6.109860826316809712e-02,-6.379915272904701506e-02,-4.985536787858699942e-02,6.629285063504317121e-02,-4.398629988773088140e-02,-2.569624930034477422e-02,-8.720775139739483928e-03,-6.932161591717973803e-02,-1.131754302758462144e-01,8.674312342988088620e-02,6.467988113605342704e-02,-1.048493190692880855e-01,9.922740482721409058e-03,5.641134867696903643e-02,-1.555457141472530065e-02,9.348324131266583237e-02,-1.172297312382670764e-01,-2.668930953823060379e-02,3.205228956777297911e-02,-3.130008583491956237e-02,-5.650263888986807592e-02,-3.842553115680732295e-02
2.273608561473135919e-02,2.511309594533307071e-02,6.285578515986034454e-02,-2.946820689404183041e-02,-4.781322784800123155e-02,-7.379753764877684807e-02,-5.651443016322192647e-03,-4.947619693120739598e-02,-6.329276744781064945e-02,-3.653892401845990068e-02,2.230448783886413225e-02,-1.037057268350111659e-02,2.343919908668382589e-03,2.259760373139769671e-02,-1.870803595095316824e-02,4.576112919394303979e-02,1.944876357251799567e-02,2.874697106161312049e-02,6.473294469610922294e-03,9.110355877252862902e-03,-9.009523316921119740e-02,1.005448535812049626e-01,-2.405660978105241682e-02,-1.898406258167204819e-01,-5.035267701667090617e-02,1.045141971475451320e-01,-4.562254285307681262e-02,-1.094908982236331291e-01,2.499823172391884077e-02,1.115211831377457656e-02,2.087249145921548851e-02,-2.125085624201911993e-01,4.194446147119744450e-02,-4.477573362117824585e-02,1.006117660031228128e-01,-4.552548060289546977e-02,2.035419212813956713e-01,-1.768758694774158480e-01,-1.012313116115509115e-01,1.512391488814130436e-01,-2.418827391743799682e-02,2.904994886602852919e-02,2.483323224453456296e-02,4.755427951263368862e-03,2.194919751135567532e-01,9.856343693269839501e-02,6.267895101510836953e-02,1.055399596945265223e-01,-5.125451497841775061e-02,-6.116559496939321522e-02
1.140614736442379096e-01,-2.548942963823429969e-02,-2.226084252004870839e-02,-3.404153987581579749e-02,-7.631299429301069415e-02,-1.607355237606411308e-03,1.219954459073345487e-01,3.493688657713232143e-02,-7.559892727613083674e-02,8.611035914854063555e-02,-1.712838663063196570e-02,5.202891956790432065e-02,1.116868415835928219e-01,8.218625186287745882e-03,4.411880940194555858e-03,5.284528163386081889e-02,-4.570291486750614751e-02,3.950067263003511253e-04,-2.962520199674235216e-02,-1.331707265741009609e-02,-2.409856546083996576e-02,-2.664555560403623902e-02,3.378970655216492758e-02,3.272173190285374011e-02,-7.282248152149749243e-02,5.428599107971851176e-03,3.511803574940747935e-02,-8.304661076568468220e-03,5.238421241116949373e-02,-3.462101931428704371e-02,3.784390353578984817e-02,3.569900296292809194e-02,-3.140140394489324832e-02,-4.214311473822811294e-02,-1.612686318551902198e-02,-5.707242054508866735e-02,9.922183025660380462e-02,-7.131731380404925102e-02,-2.799921604343519679e-02,-1.228832760732885554e-02,-1.598047435769720317e-02,-6.420169645878358311e-02,-1.111847407871304066e-01,1.000403453829503894e-02,2.308734752035497897e-02,7.226961650419387595e-02,-5.950079103433097635e-03,1.038713509986984376e-02,3.528991088836269663e-02,6.727830742351417759e-02
5.132577831699162291e-02,3.424519121556787032e-02,6.431081191401043229e-02,9.303329572047701335e-02,1.736823132389274035e-02,4.173964181978911253e-02,-8.337857155080012628e-02,4.540571597985483369e-03,7.290859172467742400e-02,3.353141965417752706e-03,3.783453198598326489e-02,8.649630039443731433e-02,4.272086601393566135e-02,-2.477694946506532950e-02,-2.662440836284554399e-02,-2.481895604957279062e-04,1.759873798637752798e-02,-8.953066422236301888e-04,7.236100294886027573e-02,-1.931101165041977999e-02,1.440939045727835342e-02,1.323497681390752023e-02,-1.699532946890078278e-02,1.356769827784274143e-02,-5.144143481031436538e-02,-3.527450602273487362e-02,-8.926931232079943213e-02,-7.881113195783899864e-03,2.192450129853035223e-02,2.471163575287728745e-02,-2.267500344828880104e-02,-1.220945076862682034e-02,1.946751153666743256e-02,-8.547027150455450625e-03,-7.425201742283146777e-02,3.739412038139289934e-02,4.005730720827391581e-03,-4.767079164792710315e-03,2.724734175570154085e-02,-1.916975727025874154e-02,1.854400680101609203e-02,-3.991097783097158347e-02,-1.854747505549771483e-02,-8.031243620963585128e-02,-1.787637885482210379e-02,-1.437796474423478667e-02,-1.959954900084075885e-02,8.324334410613632579e-03,-2.235040757368472047e-02,5.822824371137328564e-02
1.719764150230215088e-02,-7.646875900242298268e-03,7.369284969987120737e-02,-7.581380758582019486e-02,-2.767228126362545823e-02,-7.737839651137909391e-02,7.028323540880140538e-03,-2.442711438982319433e-03,-1.687295971343028833e-01,-2.879261110230461537e-02,-1.317983475873464871e-01,-1.141435183154203281e-01,-6.344553818204960727e-02,4.410903559813492136e-02,4.423901644726352389e-02,-6.868652946419670502e-02,5.143435654388460454e-02,-2.874417458217953456e-02,-3.410906906376268751e-03,6.980616875957988687e-02,4.061397176574940704e-02,-5.542227747205802357e-02,8.756241810567529094e-02,-3.144799064363481417e-02,-6.431298682761969754e-02,7.290081467163672668e-02,-8.203607361789133634e-02,8.562586283857821778e-02,3.702390678740336699e-02,-4.073324330030931445e-02,8.680214916797681507e-03,4.129146395431046446e-02,-1.080605886993094150e-01,-1.036584225640043710e-01,2.855533878718528526e-02,-1.209914761393617172e-01,1.129459037901403839e-01,4.251214559471735988e-02,-7.857700542175204139e-02,-1.416784433465048156e-02,-1.424199818857578006e-03,1.116517598179249532e-01,-4.059926459830777434e-02,1.568384945552088738e-01,-1.208193919868289501e-01,-8.930716740585917246e-02,-1.121443366244346401e-01,1.162400827815252974e-01,1.597754156264907799e-01,-6.863434601924690848e-02
1.111267441812158197e-01,-1.619627585205836440e-02,-1.343798577299632792e-02,-2.243638119829532290e-02,-8.696611441390253439e-02,-2.888852936924676124e-02,9.292831863479321386e-02,7.311059722348803303e-02,-4.650189243516660714e-02,7.123524073009436519e-02,1.536012798259787926e-02,3.288561637104959329e-02,2.154347382638142558e-02,7.016531876320444491e-03,6.487028818229215003e-03,9.050979484225033997e-03,-7.318741237202423811e-02,5.408732241040979660e-02,-2.454853919231388473e-02,-2.413871121023557220e-02,-4.012540867379561782e-02,-4.689607716880824645e-02,-1.786193162906808685e-02,2.653822326660057809e-02,-3.321167969436095071e-03,2.708829718725976748e-02,3.788857937163183395e-04,-1.679333098313393405e-02,-1.108528054029969331e-02,5.447059397732887179e-03,4.078363303220450264e-02,3.190487561005501960e-02,4.462685877698507886e-02,9.228697521431286285e-03,8.931130877161592291e-03,8.006832414142432686e-02,8.312242664624587551e-02,1.766408637828950634e-02,3.532475835941982500e-02,2.628519104927220292e-03,1.438449880345704299e-02,-9.195181722173882688e-02,3.156969731218964292e-02,-9.988737941600212000e-03,-1.503985790182225252e-02,1.103012853208001215e-01,-5.180357176816074299e-02,-4.771605547254972879e-02,5.880183404857770857e-02,2.538090955749971664e-02
5.383909486745099005e-02,3.509529277354981464e-02,7.098629018133360835e-02,9.924404187755728191e-02,3.551082775861613000e-02,2.800866202455691220e-02,-3.307726724510938465e-02,-2.532493812017449358e-02,3.567271107740700720e-02,-1.644048465821482813e-02,5.186364625635710851e-02,5.983175799683713991e-02,7.605008777141354648e-02,-3.187953103252485348e-02,2.538076084069801688e-03,8.977845710153196587e-03,1.054193254666572002e-02,-3.326391400263178921e-02,3.030743960417717903e-02,-7.252569290306603786e-03,1.161054233318235297e-03,3.372015561420517449e-02,-3.617694992581726304e-02,-1.371393824784525881e-03,-6.743137399131286791e-02,-2.199264178119748891e-02,-2.643994605891938909e-02,2.920700609949812478e-03,3.194514672820802925e-02,3.220566586369422862e-02,7.880018275096262528e-03,4.407696997690471047e-02,-1.362909187396766850e-02,-4.140782314746510595e-02,-6.882535523539076716e-02,2.592599658904912868e-02,2.728674807146708181e-02,-6.140918986186872514e-02,-4.771394114952447196e-02,1.776847650998867462e-02,-4.151140101517626982e-03,3.717336340368845859e-02,-8.040251000121775848e-03,-1.409840938862539500e-02,-3.010338859970005526e-02,-3.552351234230215205e-02,-1.643271117728684061e-02,-3.634589451656868031e-02,-5.850446974654509302e-02,4.748909432687757615e-02
1.302613194383715062e-02,-4.006917506182863450e-03,1.096242691460558583e-01,-4.551087513066288948e-02,-2.463227353581074613e-02,-4.633091705800541221e-02,1.154187089990275960e-03,2.345585112161092337e-03,-1.179471098426004144e-01,-5.790913981141309480e-02,-7.169025834617571979e-02,-1.451438925506594313e-01,-1.318761462194488476e-01,1.860565817713898118e-02,-4.166037078428067725e-02,-6.130692612329179635e-03,-1.124129361258857304e-02,4.385628352082063947e-02,-7.627571541297301083e-02,2.918105440221131081e-02,-4.084506312983404719e-02,-9.792757139858630777e-02,1.106810454313703063e-02,4.100981080556378305e-02,1.234965801321329520e-01,1.125873083484377202e-01,-1.192475141719861742e-01,3.139162708873463863e-03,7.719284220784740358e-02,9.670944679848129943e-02,9.730613715503323713e-02,-9.099324636206590489e-02,8.687135917283900222e-02,5.236024842838785803e-02,2.589012010488598095e-02,1.205405712318222272e-01,-1.062280774104824438e-01,-4.451814665153750600e-02,1.416584442214998685e-01,-2.264894037551354045e-01,1.169487603175896062e-01,3.171456923531094929e-02,-1.840786146188108652e-02,-1.663157448576277619e-01,1.427381687059762205e-01,-4.374011306743288280e-02,1.172408289643066398e-01,-1.187956166989275891e-01,1.374073010808172790e-01,-1.345852989686446566e-01
1.054378256445126227e-01,-2.051929377902223794e-01,4.181975250051946785e-02,-3.465768790251742143e-02,1.312833321469757814e-02,-1.310402093804386436e-01,1.097058667685501671e-01,1.946755828676668687e-01,3.088997098739413444e-02,1.040869650633418908e-01,-2.236837241173401242e-02,2.767761091079855296e-02,9.360268336293024738e-02,-4.331338616946016351e-02,1.166944751231734495e-01,1.794957722652398488e-02,1.097663665701227309e-01,-2.782691235411150626e-02,-2.439694551200349143e-02,5.968378505325864364e-02,-8.383651881800031208e-03,4.772546625987703767e-02,-8.043131847523764255e-02,-3.792713813030635511e-02,-1.254302677768254215e-01,6.532300843288939285e-02,-3.088229322033135202e-02,2.952700717316091711e-02,-1.747218665742880650e-02,3.507920298538945176e-03,-6.312371794916132872e-02,-4.160217859546883057e-02,2.866013510549961837e-03,1.006671021681614098e-02,2.527286315661822144e-02,4.119575374741543672e-03,-8.553837191629039272e-02,1.544137374538120944e-01,-2.916635721136317388e-02,-4.926115424366862838e-02,6.178630549269040900e-02,6.877413141153361498e-02,8.674353602974470279e-02,-6.271463347008812694e-02,-8.913163220922551075e-03,-2.048195513822070532e-02,1.928499718111582883e-02,-3.065477040836979417e-02,4.339996445244162504e-02,5.494078099989835318e-02
5.262121599716887421e-02,6.864544944991429754e-02,6.484448362689822221e-02,6.577979605108216776e-02,3.077557644082104180e-02,6.177809666385571108e-02,-6.643736048841929198e-02,-3.949935438777880947e-02,-7.116029138731505554e-02,-1.244754978024194790e-02,6.942972066012399746e-02,9.608807810658463733e-02,3.495320818252953959e-02,-1.639227459431178424e-01,-4.758720280087917753e-02,-6.896972019793902453e-02,5.705953552924197814e-02,-3.520277727643371379e-02,-2.082917710155900437e-01,-3.546256173190567157e-02,8.940678048737771277e-02,-4.443431329289206783e-02,6.950357805674786671e-02,3.867462312800681867e-02,-8.113095338412501523e-02,-2.395638968134749039e-02,-9.396682890625336626e-02,-9.501460225119995329e-02,-4.163035020940009795e-02,-2.594004081512027091e-02,2.526254316621251265e-03,7.677422972562972583e-03,-1.414578737619254234e-01,7.068008080441980090e-02,3.403590776976418708e-02,1.639468263488947156e-02,4.836224665945088735e-02,-2.957188241388450725e-02,2.867849262229679817e-03,-3.608651381980733375e-02,-3.954787474702103900e-02,-1.193116107402561327e-01,-5.049231414538786489e-02,8.800274685334931457e-02,-1.098116077173359600e-01,-1.173629170532842526e-02,9.260891322017351934e-02,4.946248553578944107e-02,-1.327368812662986682e-02,-2.645978246621480401e-02
3.004429627926592794e-02,1.297598132618626166e-01,2.783541642815306333e-02,1.499882534884460460e-02,-1.883736619647679855e-01,6.611341914112611740e-02,-1.386146804086989259e-01,-1.455554406364144571e-01,-1.141500717167036327e-01,1.384506526492819967e-01,-1.462358279117325077e-01,-2.019075328010605866e-02,-7.305552849579152568e-03,6.245086339187922581e-02,1.378619292919911199e-01,2.697526171528683014e-01,1.890807699521689783e-02,-7.571934400757875105e-02,3.173382822319057578e-02,-5.864409849868929686e-02,-1.865237807600470532e-01,-5.857715275455072784e-02,1.674832591826690142e-02,-1.498525960283660433e-02,-9.133056056203343875e-02,-1.631208438104514435e-02,1.112423947693023246e-01,2.372007329206871594e-03,-6.805038936529791971e-02,-1.932732355796217272e-01,1.267424403089554841e-01,2.525660346279736887e-02,-9.443205647376308465e-02,2.839858331167891339e-02,-1.968650712146767234e-01,9.726819214201001818e-02,-3.455466758791424231e-02,-9.178282832448036999e-02,-1.760687244585276978e-01,-1.548204844408216600e-03,-5.601278194277605621e-02,1.003370665026113995e-02,6.121665572369228842e-02,-1.088603824094316191e-01,-3.918443952818440046e-02,-1.794850267089962426e-01,-4.574111849412395084e-03,-8.638916595893515737e-02,-2.353492490332466935e-01,6.299815014273546163e-03
1.101003873564468383e-01,1.583367287060082340e-01,1.497227014289508875e-03,-1.489717103222110706e-01,1.383702884092739005e-01,-8.147416512685376998e-04,1.106187026727807193e-01,6.567052635171265196e-02,-7.256027768844823533e-02,3.209450277560426529e-02,1.508760858704875918e-02,3.826945963669963618e-02,1.101673493714522001e-01,-1.468319959824237672e-02,4.633483075012810072e-03,-2.246116737414715161e-04,-6.275638564661989438e-02,-3.150253730003754749e-02,-3.146551221049046637e-02,-1.040739972858297502e-01,-1.913490573849066512e-02,1.582653567232577413e-02,5.019007360550774982e-02,1.328312645531044486e-02,-6.161672440387335609e-02,5.699925194107038906e-02,1.190366995470279049e-01,-3.025134155082650350e-02,6.617035161260353959e-02,-2.413669543521195643e-02,1.491536427885566292e-03,2.468505249627751461e-02,1.598158483266728103e-01,4.723851118480430766e-02,-1.560328520156460952e-01,-5.559087850799603048e-02,-2.374045640857230105e-02,-9.970572074161007659e-03,2.459966964120187047e-02,2.658623947340321703e-02,-1.086520526227676732e-02,-6.181991674189833003e-02,-1.547914108757142762e-02,-4.199026274265461878e-02,4.992234950418637102e-02,4.404807961191069265e-02,-6.334961002090447324e-02,-2.611807946692464022e-02,-3.132115388959362534e-02,1.975694275854997933e-02
4.604373590917664599e-02,-8.234538390753044085e-03,5.751757373997835876e-02,1.197454172386424737e-01,-2.373124580045129443e-03,2.383399525048749898e-02,-2.291436877091411126e-02,1.231196771261065803e-02,4.661986504508649348e-02,3.129463818893579025e-02,-6.666735608296907312e-02,-3.689204861314621803e-02,-8.697893274529301666e-02,1.456138441896424884e-01,-1.373790424563644808e-01,-3.589904446235558932e-02,2.832027448033989925e-02,9.691305066758960918e-02,5.034217902234296854e-02,3.722471226141545880e-02,1.930447434710967636e-02,6.067927717688333111e-02,-2.630718613235505723e-02,1.590716843951707829e-02,-1.135062281641444418e-02,-5.489499008606169017e-02,-7.681480569607081199e-02,1.138213103659872598e-02,1.190711357839557283e-01,-9.451727014617890277e-02,-9.542143400014441168e-02,2.415508177615294585e-02,2.023712169074104103e-02,-2.088890002702992882e-02,-5.344305970543629380e-02,1.525362690357775185e-02,8.186304570465657848e-02,1.468320280258734456e-01,3.913056374804407822e-02,-6.109783486638109551e-02,-7.515661525094238793e-02,-2.703565096259818307e-02,-5.428767264222604007e-03,-5.865971882942989241e-02,-3.354139161067271058e-02,6.541962485485289247e-02,-1.582992776498472372e-03,-6.092064186516369523e-02,-6.461041892843867596e-02,6.299842668014495051e-02
2.662132624761535601e-02,-3.628682102482801847e-02,6.497119933450384854e-02,3.267887558338108955e-02,-1.317979721828279605e-01,-7.756588537070870093e-02,6.946952509486899185e-02,-9.733645584291068797e-02,1.797263960793601956e-01,-8.486671091456660099e-02,9.302594023292344583e-02,-1.593482548295057921e-01,-6.227653329845462410e-02,-8.141955154519908699e-02,-7.776247864300288260e-04,1.031969719360913695e-01,3.546367257235266690e-02,-1.255354547064292114e-01,3.126118362534356654e-02,7.303043731979344533e-02,-4.559167090952191345e-03,-1.633047411022374718e-01,-3.038833088020621506e-02,1.199571926066083163e-03,2.888479328513538294e-02,1.291589514391586757e-01,1.716753657164511726e-01,5.762899233581688513e-02,-1.447309355773064576e-01,9.234729738176267189e-02,8.539422652598105401e-02,6.331833605305145496e-02,5.377433418564278589e-02,-1.942351974275904336e-01,7.043702905107931955e-03,-1.098185553237034789e-01,-2.463167117176644216e-02,-9.100930621372223250e-02,-1.037708478672592499e-01,1.662087626748214864e-01,7.586802846708272374e-02,-8.878467531485884079e-03,8.528496600581260412e-02,-3.872536159927136845e-02,-5.667851150109041308e-02,-6.215753858298391638e-02,3.772889012514358403e-02,9.106476325653246884e-02,-1.881786887939163738e-02,4.393390915314681310e-03
1.215518680735582779e-01,4.195710821616042974e-02,-7.396183057059521615e-02,-3.013858364567095771e-02,-5.005154323651781097e-03,-1.541720019337356265e-03,7.230972787712985905e-02,-5.796599702099003437e-02,5.675680873158486101e-02,4.497324881638934541e-02,-1.018586116430641141e-02,-8.886831503378017638e-03,-4.090549797613274308e-02,-4.174419910040498213e-03,-4.472388387818787558e-02,5.043583810716451010e-02,-4.282317087448106463e-02,-9.341324347455527699e-03,-2.360947552609063069e-03,-1.619232461715637561e-02,-1.525659598115747598e-02,2.647808529352225354e-02,7.230693988582029275e-02,-6.972598106071493940e-02,-5.899839404476226595e-02,-2.152583377974439174e-02,3.040906822129123277e-02,-6.049578421159906849e-02,3.725172199352013575e-02,8.039642281866440920e-02,3.104954390163344388e-02,3.877125511119945342e-03,-4.655680542698424629e-02,5.404605525227360562e-03,-2.239375632155456500e-02,-4.820095421719330225e-02,4.449443237218760755e-02,4.664401663096630346e-02,2.520483391889706548e-02,-1.704026987856805883e-02,2.785522309493539822e-02,1.336066529162672212e-01,-7.824460268381314143e-02,-1.060510680179439259e-02,5.448637234691728476e-02,-3.779885027820313603e-02,3.288932306869570173e-03,-5.214566518884090895e-02,2.718690328402842762e-02,2.508010628324477270e-02
3.938753742292715188e-02,1.407715853587728286e-02,4.761662078509856788e-02,8.904479022423469892e-02,9.743416547313111034e-03,5.501786840925722288e-02,4.181415848302052346e-02,8.049906717921143096e-02,5.397638281295178732e-03,-3.851229946638333457e-02,-2.304474155413099162e-02,-3.335322805375620647e-02,-4.443045195053767910e-02,4.590407087580012507e-02,2.526091840080105580e-03,1.334356115904685672e-03,8.734897265007890779e-03,-4.244003613055122998e-02,7.402090108934618329e-03,-4.887460706736206778e-02,1.166077979189783162e-02,-6.899357825984946124e-02,3.905237203996203554e-02,-5.012172577128842094e-02,3.749337867260021245e-02,4.852179078958494991e-03,-2.028426333391041697e-02,8.912703116808143311e-02,-5.736779763864657822e-02,-8.469578181925549454e-03,-4.647440051278908107e-02,-2.113129328427542156e-02,-3.849378232534247588e-03,4.179236790663210487e-03,7.200215954984808507e-03,-2.442425099113991471e-02,4.569572086882829967e-03,-1.447204420073282781e-02,-5.599096660460967101e-02,-6.525696292263435949e-02,1.673013295916076643e-02,-1.077291196330254774e-01,1.883587440930356918e-02,6.354650494058257382e-02,2.080704707496770084e-02,1.234659901961667264e-02,-1.207757766377265396e-01,1.055388689385638318e-01,-1.059084133650114827e-02,4.439915036380321506e-03
2.729035487493798595e-02,1.532236938138518793e-02,4.423919776397191445e-02,-1.164187822564113906e-02,-7.099971568347163663e-03,-8.771163112847853160e-02,-2.633140694323647321e-02,-1.028102297388288622e-01,-2.703757991824316028e-03,-1.609238562681464951e-02,9.699049754912003607e-02,3.785735339483529104e-03,4.287418555238576429e-02,-8.839459969650041715e-02,-2.264738286113853610e-02,-6.454707966326056479e-02,-4.390672803395680168e-02,1.050027692370744947e-01,8.747349495974646172e-02,7.122519954258926811e-02,-9.328943131596346972e-02,3.655235455883949769e-02,-9.468691489049778365e-02,7.716273057608542124e-03,-3.549617696634377317e-02,-9.815387101984042809e-03,8.047073166970120095e-02,-8.818265809692256429e-02,1.036714772169649024e-01,-9.823235080084152804e-02,-1.375985273622378977e-02,7.461471724546980822e-02,2.658010933711839330e-02,-1.192392672588754171e-01,-3.993921680886738587e-03,1.140454012403973455e-02,-1.483947404024286119e-02,8.648395665850383551e-02,-1.645389172858706004e-03,1.591056048242959209e-01,-1.402419717712656035e-02,5.574818299064542709e-02,-1.361052663686459774e-01,5.100569671566989455e-02,-5.630903556071268495e-02,-6.941266894741759952e-02,1.310505326362987333e-01,1.132169985710384554e-03,-5.581228832610696244e-03,4.292320808334294802e-02
1.218002526352715276e-01,3.553651253124766318e-02,-8.204913908658387212e-02,-1.451016157516222919e-02,-9.913930975674938029e-03,2.208619073712707326e-02,5.032028265495724906e-02,-5.896037017725354323e-02,7.800797274239643087e-03,3.273861723769678350e-02,-8.668434223184723342e-03,1.392190832756956542e-02,-3.476531548834694424e-02,-5.926472991327277548e-03,-5.368786629715872200e-02,1.281134780633203657e-02,-4.032841642082742040e-02,-1.495090131399616148e-03,-5.983042173067552524e-03,-4.793846014591246008e-04,2.723946679841048046e-02,-4.010729046359153699e-02,9.605361506208039135e-02,-9.052081877494601303e-03,-1.151728422260852314e-01,-4.156730822785961732e-02,7.797608116301267371e-03,3.282099878492664158e-02,2.975331879662683129e-02,7.457506620532984576e-02,2.961950844134666333e-02,-9.840138906918816097e-03,-2.598385632067495149e-02,-6.338301956588053565e-02,-5.703333182300253552e-03,-6.738907843935196262e-02,1.589646202134429448e-02,4.556862582445111304e-02,-5.995476646863874548e-02,-1.416880390311594552e-02,8.675405460993478382e-03,1.371726121592289904e-01,-1.951531299793123411e-02,8.846310930621511734e-03,-2.304522671291381677e-03,-4.623731655372784882e-02,3.676881198370679504e-02,-6.661647557687387644e-02,4.555295930109496544e-02,4.348922131048620771e-02
4.020834781055216550e-02,7.424348233719708402e-03,4.886715374433755338e-02,6.786089091761683678e-02,4.544043118985405076e-03,4.611703876361952781e-02,5.636191836813995298e-02,8.707409487019907024e-02,2.360820235147301910e-02,-3.816911107961659666e-02,-1.559854294998198020e-02,-2.453286301267866565e-02,-4.166553845991061850e-02,3.998633192804462028e-02,1.783266763316996087e-02,-2.812751478162695690e-02,-2.700192821879320026e-02,-2.529949655948802653e-02,6.684773859099070459e-02,-4.229060842895263767e-02,3.981254151710788419e-02,-6.002012896724630286e-02,-2.488166068306391348e-04,-5.310815365822516010e-02,3.880873490278353901e-03,6.162917900132811738e-02,1.774005856282960189e-02,2.285403891586112318e-02,-6.054040034077731031e-02,-3.711777688186295582e-02,-8.450097736717560037e-02,-7.537358535027917361e-02,-8.832387901819688941e-03,-1.557152819687431314e-02,2.812320303123889585e-04,5.481365696787499076e-02,5.986642675577139722e-02,8.679658656308746750e-03,-4.085777626119698608e-02,-1.083333350468076344e-03,3.952199273081843933e-02,-6.970609879103220607e-02,-4.338786097241018741e-02,1.419097067422001590e-01,-3.388356280554968847e-02,4.510949570551101712e-02,-1.273086184453839642e-01,7.630980354954383649e-02,-2.394136863750592065e-02,-8.441648939536911325e-04
2.764672816128629917e-02,1.613241408658917754e-03,3.891674934347797571e-02,2.716132501582219127e-04,-1.325370621890413145e-02,-7.356960065845993824e-02,-3.096184680958928223e-02,-1.339165554846027673e-01,-4.167863562575606709e-03,2.949461324736956866e-02,5.810536801355266345e-02,-2.534433292561955996e-03,3.815742095248356863e-02,-8.126619429328069133e-02,1.763103921744521877e-03,-1.717110501342021533e-02,2.978826089915895432e-03,6.900182051662814842e-02,-2.146741648933946263e-03,1.159560771371540150e-01,-1.838845241197172020e-01,1.513946464207122922e-01,-1.169883360606515516e-02,-9.184461455499634205e-03,-4.257205031072094220e-02,-6.863162011758029701e-02,-6.605162385241829248e-02,-4.873194162766006365e-02,1.048740157614911767e-01,-1.564447153877229768e-01,-3.384991728831719671e-02,1.237309234774617017e-01,-3.258098245146120921e-03,-3.880357384830164513e-02,-6.812291259641112262e-03,-1.630438539266261810e-01,-1.269420004193676232e-01,-6.604632400088535256e-03,-3.066947497116769006e-02,9.182025191454587509e-02,-2.136321528167734601e-02,8.201281414138882064e-02,3.231079135880290248e-02,-2.960655335652510531e-02,4.653690389656495868e-02,-4.860020677850410142e-02,1.236008277957127838e-01,3.335736823520887157e-02,-9.502092797780088695e-03,-1.205040349922368442e-01
1.207207259752659384e-01,-1.147152545310177116e-02,-7.502356772744150915e-02,-9.649163651254875212e-03,-7.523222037159323083e-02,-3.478241621604453993e-02,9.940359113803672042e-02,5.331774634434957756e-03,8.005159904494578427e-02,-2.389382566108573178e-02,4.922661496383545776e-02,6.930475918247322974e-03,8.434929957968793912e-02,1.455935286873213247e-02,1.084795071147812012e-01,-5.673594992991258523e-02,-4.778451876168481050e-02,-5.590013815461425395e-02,-5.404292699865193006e-02,1.897350015253009003e-02,-5.684134238105284509e-02,1.355461465434508739e-01,-5.067034013165123280e-02,2.162853660125598626e-02,3.312405145866885014e-03,-2.112165500752247183e-02,-6.049305957443575771e-02,5.162282410479308165e-02,8.811862407641266048e-02,-4.204478965584144100e-03,-3.012688360605692787e-03,-6.688737691705189115e-02,-4.225395734124151592e-02,9.829575649393057502e-02,-4.259985910722843133e-02,-4.427075096836729368e-02,8.165891048085067994e-02,2.338432241928333280e-02,-7.695085526692828359e-02,2.999118619675119474e-02,-1.020179235499429626e-01,-2.382442939466310541e-02,-7.564714104283638829e-02,3.768903481140124800e-02,-2.016344772736422195e-02,-1.118330222285218722e-02,8.816843931369329479e-02,-5.980543658504943122e-04,-1.034286890960608822e-02,6.634530915849052440e-03
4.254296661177729699e-02,2.810874451112783598e-02,5.373477206936951023e-02,7.538845091548394828e-02,3.073090536902540332e-02,9.395525154146851243e-02,-1.555004828367690002e-02,4.123967144009953872e-02,-3.189485513509952158e-02,1.139731770117213133e-02,-4.305752687110254995e-02,-2.542711075305819496e-02,-9.710058455705741082e-03,1.166199911385259330e-02,-2.485602567832640233e-02,-1.006184222660897430e-02,-1.184643470030077514e-02,-1.684701822598659929e-02,-5.770795098897916336e-02,1.937233954082912338e-02,-2.535393858513555754e-02,-2.059960557673805315e-02,-3.925590916846448224e-03,-1.001964644767349690e-03,-5.210242621407308594e-02,7.288502933920919247e-02,-1.358219120698974346e-02,-1.628070733323868924e-01,-3.749417561841402596e-02,-1.492466926115208065e-02,-9.196567477394511358e-02,5.635243534296761198e-02,-7.612819505274401322e-02,4.168788683140855350e-02,8.710695917559613255e-02,1.703535072904684491e-02,9.073554395927585156e-03,-2.500998331670700389e-02,-7.353188329115717403e-02,6.202435025050278758e-03,-7.053240865027063378e-02,7.336006900847805157e-02,5.047136709845264496e-02,-3.765587425596591403e-02,-4.604495808765537296e-03,-2.935124218950911287e-02,-1.909176435809449845e-01,3.419028992732494471e-02,2.718245490333118242e-02,7.533233182939523542e-02
2.476986847717254844e-02,2.047793576060098070e-03,6.954086270044805562e-02,-2.311658696528095733e-02,-2.126373593974090898e-02,-1.578505890424806157e-01,3.115119369363315502e-02,-5.044413953953375690e-02,-8.508087009467864975e-04,-8.685211440205330494e-03,4.055259914119297565e-02,-6.027219255508330965e-03,-1.506880041575730557e-02,-6.179019719882737627e-02,4.861955997233958007e-03,-2.443283372766660855e-02,4.752456237230955755e-03,1.544832387494323930e-02,6.240623723388212529e-02,1.841258279140631574e-02,2.173502792166976186e-02,5.300311307769763058e-02,-1.439959848972198085e-03,-1.082451532683908063e-01,-1.524948961538126480e-01,-1.177353211048993292e-01,-7.801312197605998755e-02,1.582064916059745252e-01,-1.624481990898634653e-01,-5.132974763493602238e-02,2.552136742736367259e-01,2.105074896432467327e-02,2.869582600078130277e-02,-3.754988261593683596e-02,3.873280048376354784e-02,6.816899265910766892e-02,-5.528819601326717681e-02,3.819114880081508206e-02,9.476977001975411818e-02,-1.747639713006890194e-01,-7.159320150472789357e-02,-2.351622050126675190e-01,-3.555328099935256558e-02,9.751925936629898817e-02,3.365565071315605034e-02,-3.758107366960714707e-02,1.427803964214788834e-01,-1.697384451681878403e-01,2.935348856752251906e-02,6.990350505424796843e-04
1.230041341052381110e-01,-5.032582843603954992e-04,-1.047931749032093574e-01,1.885204620485934207e-02,-5.245159002134800602e-02,6.514495347198586209e-03,6.046281000220669888e-02,-1.226101922779876873e-04,-3.810427449901455238e-02,-2.062307983435156949e-02,6.685231075955816449e-02,3.669498937896177593e-02,-2.620219984484318393e-02,8.548944436315689469e-03,4.110517397757778441e-02,-1.083012495300881145e-01,-3.008470449309564795e-02,1.964151037021796484e-02,2.873898487308655658e-02,4.600463598671654386e-02,1.275010833813453558e-02,-8.142844667786363309e-04,3.898772888813313575e-02,3.028193073311668052e-02,6.786630370573516757e-02,-5.252995661169961722e-02,-9.246361274334426172e-02,3.820378295288572035e-02,-2.159807083100218073e-02,-2.737347731773771484e-02,7.325470046228299559e-02,9.500984430341616327e-02,-3.419716248260706859e-02,-6.005360797905487380e-02,-7.609087182481370781e-02,5.834046098722615870e-02,4.253669413619758782e-02,-9.166143598988837557e-03,-5.813479618573278579e-02,8.858121103403486562e-04,-1.127178158319369281e-02,-5.433591216535795573e-04,-4.512698554033230114e-02,6.917463423554244192e-04,-1.091403409563477915e-02,-4.024835503224055006e-02,-6.888314704486035722e-02,9.297539248681296539e-03,1.181809461780343809e-02,-6.198711399035542607e-02
4.165513459753392850e-02,2.325043879871040858e-02,5.298892425915866650e-02,4.206114495068395687e-02,2.867458250372787940e-02,5.921617752763438242e-02,6.145734560081024880e-03,2.492523289104225243e-02,-1.034240246114112582e-02,1.927256596072425164e-03,-4.349020907662801833e-02,-5.372517429589598187e-02,-1.272854727698059449e-02,-7.204354401696221044e-02,-2.784715687755437430e-02,4.696480238226600351e-02,-5.931562881426398481e-02,-2.106566117771104668e-02,-2.841171813355811149e-02,9.004092057738140656e-03,-1.127277148748932062e-01,-4.016136862062590768e-02,4.677059323271093826e-03,-6.275757681895771482e-03,-8.872195387218867468e-02,-7.517875200230880739e-02,1.460732958378620390e-02,-1.254269191210736767e-01,-2.024664465837087979e-02,-4.031540688174219123e-02,-5.681970234191338620e-02,1.006903079943972414e-02,-9.056519064501548921e-02,-7.225420740401486408e-03,1.345948698883679406e-01,5.783271069297044216e-03,-1.976557518497574009e-02,9.350581624355723542e-02,-1.042297126444594393e-02,-3.896031278320765626e-03,-1.362028459348875176e-01,-9.994634099664482900e-04,7.784960131721642765e-03,1.135620825581539102e-02,-3.698510374808288564e-02,6.208738234432674419e-02,6.253920466676535228e-02,-5.098040174804099878e-02,2.140961281524737109e-02,2.879327767178835665e-02
2.433850886248368345e-02,6.254037143667639034e-03,5.948001868465455783e-02,1.321713929685926908e-02,-3.034074170167050388e-02,-1.298766318940886844e-01,8.646278559112393833e-03,-3.216099325826046046e-02,4.091778391582555352e-02,-4.678598870187967301e-02,1.157785501936112182e-01,8.314367095398078351e-04,1.649849405647567727e-02,1.131537405717283201e-01,4.700855606605350290e-02,-9.099459008606472499e-02,3.773580614070537464e-02,6.023374702570649664e-02,-1.468342406357616391e-02,-2.008817854401771102e-02,8.816536400418387154e-02,1.395456475470025492e-01,-3.225449164288978626e-02,-1.019221135506316878e-01,-2.003840711470183250e-02,9.787601319702428360e-02,-9.402043323505700212e-02,9.936800429341058338e-02,-9.553005575824397022e-02,-5.487050031336247746e-02,9.000671106001516264e-02,-4.594303061880432304e-02,2.901985965121798780e-02,1.209400517129603260e-03,9.416094978333197640e-02,-6.610849469732084371e-02,-7.299369405653338694e-02,-2.123876977869982863e-01,-6.615038604816499135e-02,-9.910573134725597644e-02,-7.377325479161225830e-02,6.403711347581736435e-02,-1.388275432984316382e-01,-1.070569331535783791e-01,8.341318441350707713e-02,5.155426487308534950e-02,-9.042215333438616276e-02,1.682990892742659006e-01,-1.252086987827731868e-01,-8.472705415456464884e-02
1.226337273147088958e-01,-1.718566895554106064e-02,-1.017449543906456949e-01,2.194815378456242694e-02,-6.060392494180186912e-02,4.913822574591313053e-02,2.696478570033489924e-02,-2.695410043985627807e-02,-4.426485268029186487e-02,-1.021806064938377348e-02,5.048070402469146539e-02,1.151258779601712322e-02,3.735259239686875704e-02,1.060468782609511745e-02,-1.375568317230809780e-02,-1.394216638472036210e-02,-6.131483492073131619e-02,4.027233741364028702e-02,-1.360598593730739936e-02,5.120460032061794481e-03,-7.223945145591322697e-03,-3.249810194013476317e-02,1.261852579907584565e-02,2.993952269295604637e-02,4.317167372550615584e-02,-7.741629173281812382e-02,-5.684924796792874963e-02,4.933364598999341599e-02,1.605901586198644343e-02,-1.803668830121311212e-02,-2.945618987167808109e-03,-5.369688707913160275e-02,-7.448018476511469865e-02,-1.524206803409000957e-02,-1.105027398526948756e-01,-6.991150113544836956e-04,4.343325805760555811e-03,-6.592172448933170115e-02,-3.219397928236151368e-02,-6.844127239455760625e-02,3.460527638409229001e-02,2.378368979514755913e-02,-2.273592535047968405e-02,-2.111284230974863618e-02,6.072181128359294827e-02,-2.931966026075066845e-02,6.759016549685793046e-03,-7.343663308728240469e-02,-1.061825291571282248e-01,-5.890477656728078382e-02
4.020029421908727363e-02,3.386243481119957655e-02,4.937781543194268846e-02,4.886318972478718298e-02,1.263174152825547597e-02,3.068135732927130752e-02,4.304686949083900288e-02,6.073191204836977941e-02,2.585761315411883032e-02,-2.944577225856781499e-02,-3.513277225392189007e-02,1.232114173889362237e-02,-2.939575293048822882e-03,-7.550306220763011722e-02,-6.038127870135443637e-03,-4.137620244586081263e-03,1.990756675837366402e-02,-8.984850110039929380e-03,-5.135032839736408325e-04,7.956255681626431264e-02,-6.584619549324242926e-02,-7.028663468572564355e-02,3.910619329876131173e-02,-1.832070744066185281e-02,1.395328114317808408e-03,-3.051125782931207731e-02,-4.034496051064429684e-02,-8.606574755514292963e-02,2.120531141109606357e-03,5.953203266352057044e-02,-3.067578831776490017e-02,-1.045398332460221874e-01,6.882084732025946228e-02,1.867799470215371002e-02,2.991880003821636991e-02,-3.338613739842950789e-02,-6.693896677623552283e-02,1.506473175901472672e-01,-5.030685378157658677e-02,2.275914969976505775e-02,-7.242449505295381340e-02,-2.368880219473588206e-02,-2.230198590111603929e-02,6.663411620781328759e-02,-7.111106411385600956e-02,-1.154157285707964886e-01,-6.966171040146463579e-03,4.964654044947159478e-02,5.768698724958411933e-02,-3.673312163397681601e-02
2.571240762801205865e-02,-2.023676330396986106e-03,5.389210423679415690e-02,1.283618042839577804e-02,-1.163975569612202797e-02,-7.991252852853525379e-02,-3.454527519620887582e-02,-9.338804831870572976e-02,-1.122473042305432642e-02,1.010980803723486240e-02,7.323048714492054467e-02,-4.797515852837149625e-02,-1.074298127193954767e-02,2.576463579428491663e-02,2.241574184701804195e-02,-3.695331224609980231e-02,3.915915542632027180e-02,5.680129794094886109e-02,4.430565964260881062e-02,-1.172314821414432995e-01,4.084358044184228931e-02,1.067937418796219701e-01,-8.325124680102495567e-02,-7.546442176569824467e-02,-3.123942538305120309e-03,-8.052037115975789472e-02,1.527928595018780145e-01,1.244953256080046505e-01,-2.051102441159990616e-02,-1.693045134054494555e-02,9.303949978331942094e-03,1.383355800147311465e-01,-1.792052875458247096e-01,2.111010597734796004e-02,3.768962598725810603e-02,9.869289464718480898e-02,1.217369008803677183e-01,-1.496695727535122811e-01,1.411314230051560203e-01,1.506025326869270820e-01,1.740279788113870130e-01,1.241130573141499688e-01,3.722283214730220252e-02,-3.233877363058074161e-02,6.317033270921057486e-02,1.092096938473156448e-01,-8.579715089347403345e-02,-1.149012085543107548e-01,2.731913562825134117e-02,4.091498070931658820e-02
1.227692703267050517e-01,-2.379061007319711873e-02,-1.066422570576241735e-01,3.559705255469572394e-02,-3.961025958308150852e-02,2.729346890178839177e-02,-1.561559499611564310e-02,-5.833944404845846712e-03,-4.124186163213072048e-02,-3.366641285177342322e-03,4.250568499292166347e-02,6.424878424043857505e-02,-1.879408524343222087e-02,1.216318442514191522e-02,-8.782011595600011308e-03,-3.091005208452681993e-02,-6.080969992900390336e-02,4.271087026204595932e-02,-6.051229306024973054e-02,-4.427012352644095483e-03,-5.262029332507960067e-02,-7.029434392150783750e-02,3.639402070802377070e-02,1.219179826645775191e-02,5.008841965025320059e-03,-4.435687862240635104e-02,-5.609513537618254081e-02,3.511333592982449070e-02,-2.884318984756931159e-02,-4.391168536932343186e-02,-5.019933131723666730e-02,-1.534906926116257758e-02,6.830762646910504537e-04,8.333471141132075058e-03,1.284455170598898001e-02,2.970441969839393917e-02,-4.674511824840951735e-02,-4.086121123109268116e-02,-1.471484624322506526e-02,2.866437838878887687e-03,7.279706838888441722e-02,-2.564328733693082771e-02,6.062802714178894964e-02,1.181089439147173931e-02,-2.375107776251979969e-02,5.114429852407641891e-02,-2.091989606232946830e-02,-6.445300510978467512e-02,-5.160321530544047242e-02,-1.163342271700997937e-01
3.836386069033607960e-02,3.058019936572962602e-02,4.613500942181912590e-02,3.332651039031938461e-02,2.910852454056398180e-03,2.793876748785022179e-02,6.520929668229318021e-02,4.353145382872049274e-02,3.513431066325781171e-02,-4.988650103536076963e-02,-2.983131970161051819e-02,-4.771459263589537120e-02,6.377982864429738202e-06,-1.192874366263726865e-01,1.661985753929431583e-02,-2.671722949538865924e-02,1.216335051752551188e-02,4.744765261681141780e-03,6.638922249322266878e-02,6.785540568669395922e-02,-5.232183299030877116e-02,9.046809474645237450e-03,2.048494378226515394e-02,-3.791051029762737556e-02,-2.284045551734202595e-02,-5.678339136721387292e-02,6.587833928251884963e-02,-7.218165210062729709e-02,2.852799781583451044e-02,1.947293112427858977e-02,4.842555219372073061e-02,-1.080515599201712085e-01,1.195317858080275145e-02,-6.888251385765287171e-02,-4.619882322087578985e-02,-5.082699037432318297e-04,-3.226659326110399312e-03,4.480929945263568970e-02,5.648132072307512214e-02,1.412798856760910382e-01,-5.617515677550755093e-02,8.185782749312986439e-02,-2.979997147456942344e-02,-4.886216756503254655e-02,1.268200865067082954e-02,-3.007389026996625317e-02,-1.891644335352551769e-03,-1.538733202745636713e-03,-2.096274354622482128e-02,1.973101229473336188e-02
2.810558676422884178e-02,1.097275819009257275e-02,4.522765303308440288e-02,3.458411547257249363e-02,3.179613735322436158e-03,-4.928541392153586859e-02,-6.063616813744494849e-02,-6.584632254280863017e-02,-1.557116165583484653e-02,5.932333890565403417e-02,6.116914320279322886e-02,2.736266909418117940e-02,7.273087826654346666e-03,1.362404049892695923e-01,2.094865044712988789e-02,4.102733903214254157e-02,2.508506321311654644e-02,4.721401526695694767e-02,-7.763461149155040895e-03,-9.895100032703363357e-02,4.191828655295083694e-02,3.858376025003094900e-02,-9.807995651789395974e-02,-7.588321785747022263e-02,4.273035295893336943e-02,-4.799166196436856907e-02,-6.024192824547990044e-02,8.888161600850268129e-02,-1.031986799916457809e-01,-2.875055983820230462e-02,-1.070935133696370445e-01,8.550504947917866860e-02,-1.001290502656309866e-01,1.153684239979859416e-01,7.272444487960399821e-04,-1.105187109185969269e-01,4.118478903154604298e-02,5.309239955654337234e-02,-1.270101872249724262e-01,-1.181590569872024710e-01,7.375871061032721054e-02,-3.163742762815608539e-02,-3.381315708160045896e-02,1.123349281328697852e-01,-3.241232672472660337e-02,-4.372010196015176792e-02,-1.353133533044859615e-01,5.723823826084991490e-02,6.321615471099249761e-02,-1.317283399545120803e-01
1.087861088669021675e-01,-2.289853071668461471e-01,2.149970446753148370e-02,-3.415139857666903839e-02,9.386135133637205086e-02,-7.151370483867888761e-02,1.309396002845008566e-01,8.057902724175422526e-02,3.679392076147826318e-02,4.490662280280537794e-02,-5.258269034321058633e-02,6.072230519032665447e-02,1.374191707712220101e-01,1.453150271106732130e-02,4.913764137827871664e-02,-2.125344180458353313e-02,1.276577197640295924e-01,-7.175006511593380598e-02,-5.201467711498462820e-02,8.346166894611983800e-02,-2.774284023772508045e-02,-8.599888272837606651e-03,-3.823588449668530176e-02,-5.894054011853750580e-02,-5.923007309774998980e-02,-5.162963503360992051e-02,-9.701828882174476712e-03,-2.602209090959642021e-02,-7.124710641112423810e-03,-6.374050369721416705e-03,2.386676898216283718e-02,7.899433292453408254e-04,-1.012999712954796155e-01,-8.826492163787112363e-03,-6.810800416860032791e-02,7.357488303687491349e-02,-4.835351216521730335e-05,2.020244560484037860e-02,-7.627705478405873152e-02,-3.604841277229615948e-02,-3.387712826786592329e-02,1.437135702350633010e-02,7.028853401844989413e-02,-3.975423629036099749e-02,1.635120234995166011e-02,1.868060226647337129e-03,1.239471461054596352e-01,-1.123037190839877575e-01,-8.114959232025818758e-02,5.591906669476270214e-03
4.894422521235860385e-02,7.346836921445995539e-02,5.388625227569518450e-02,6.026097636803037089e-02,8.557983629597696804e-03,7.018287853158886036e-02,-9.508922278623882507e-02,-4.753097860211177861e-02,-7.517171476888802328e-02,-6.055237530468094570e-02,-9.682641145152192860e-03,5.015291797880619407e-02,8.219529976844883179e-02,-1.850512079282886635e-01,-7.145888490870021259e-02,5.268044062810319644e-02,8.515307679744843483e-02,5.291937774230997919e-03,-1.717767854540173389e-01,-1.302089794008699786e-01,2.153642191942363449e-02,-7.024899141303489469e-02,-6.707946391995007855e-03,4.393546266358579894e-02,-3.656402140712546739e-02,9.311392212185711642e-03,-9.015346780596422693e-02,-5.483168278631350007e-02,-5.553340422751753408e-02,1.205939755645246692e-02,-2.736696782095621866e-02,7.233382736742172137e-02,-1.028163339142925958e-01,7.606897917971598699e-02,2.165677604345592755e-01,1.634024272838501338e-02,-1.147972893294245400e-02,1.784834347990956610e-02,-7.148935062000269514e-02,-8.560585388291865050e-02,-1.095991805655001650e-01,-4.948248169624064330e-02,-1.515049754694478001e-01,-1.068797905692830397e-01,-1.434463741855541430e-01,-2.476530128308513864e-02,-5.794764590818731603e-02,-4.973808433109425803e-02,-2.257792591312167071e-02,6.553970619834242894e-02
3.155746202363153563e-02,1.274245308238644292e-01,2.681219609964177741e-02,-3.365677586795813841e-03,-2.101229460819911132e-01,-6.053889881736025658e-02,-6.418232429434085617e-02,-3.964793284175455873e-02,1.668543940217085547e-02,1.005677830081345980e-01,-9.028922944185825694e-02,2.298782131999951850e-02,6.906354114720769655e-02,1.030775025564060199e-01,2.766556773280370862e-01,-1.252332055403646005e-01,2.295598447656711782e-02,-6.124998924662559269e-02,-8.541847657192009127e-03,4.049369646155726032e-02,3.281982491547837111e-02,-2.107337002308742532e-02,-1.074716896301682600e-01,-1.046813204816020443e-01,-1.393247530517948418e-01,-1.615252764971029410e-03,3.762816976906239314e-02,1.015464288692388278e-01,-1.557687309093831185e-01,-1.575797217284563845e-01,-2.399923540958833965e-02,-1.949802629033043078e-01,9.153764822455862094e-02,-5.931884981255990813e-02,1.742425054176944058e-02,3.487630530932685213e-02,-4.608261331364878893e-02,-1.536814725113312859e-02,-8.186684634728265408e-02,-4.382238056179566313e-03,-4.921663400487435308e-02,6.839717782438663185e-02,9.193090666652424525e-02,-4.989094896619705038e-02,5.905025445388208463e-04,-2.073814397477835580e-02,-2.006141054708214175e-02,-1.265738708722211336e-01,1.330059681099851621e-01,2.303876329459767034e-03
1.065462612756396948e-01,1.684809458644546398e-01,3.312889888065236738e-02,-1.819741306620059895e-01,1.248417919171016938e-01,7.718307211293420900e-02,1.209788855417278791e-01,4.983976911572822466e-02,-4.653941514039748595e-02,4.271999273286993665e-02,8.077155044889909596e-02,-3.151341362908139515e-03,9.179787745162562573e-02,4.890225354244195216e-02,-4.791457318460680403e-02,-1.607169948718889518e-01,7.075497721590022146e-03,-3.443233788788164357e-02,-2.432407846213046829e-02,-1.097030444435789648e-01,1.015156258323090394e-01,-3.447364236610995364e-02,-2.989546410173589061e-02,8.174008881128927428e-02,-3.763675925405598251e-03,6.573435385413192722e-02,7.571257959281268990e-02,7.400128900479419070e-02,1.845292974541111811e-02,-4.622486033607454969e-02,6.256091726083010118e-02,-3.851274971476383729e-02,9.143802761302168014e-02,6.127692155379702715e-02,-5.272226407622917360e-02,3.904255507176356693e-02,-1.084413783319255337e-01,-1.887371950046638248e-03,-8.433757670149379104e-02,3.780071177321234904e-02,-2.975448228989755611e-02,-2.284881154881796689e-02,-2.446015833085488436e-02,-6.627350629043642430e-03,4.299911048516435325e-02,-1.815470842467026835e-01,5.769126336312830478e-02,3.191418604692453087e-02,-1.105824698633958436e-01,-6.728182640360509670e-02
4.813855150148776268e-02,7.303051514887233184e-03,5.178946091359302312e-02,1.170558966029839332e-01,6.180674485359823056e-02,-5.315104365179810358e-02,-3.619117432353701619e-02,2.391028341373998070e-02,9.066698648017982795e-03,6.904217872918544385e-02,-1.051318230960315014e-01,8.024165004647393351e-03,-8.926330239273497225e-02,1.124348553311337040e-01,-3.232807076157088316e-02,9.623806492781034061e-02,-1.231073209980333288e-01,3.659531174449536656e-02,2.389164973313372131e-02,4.741313592398724991e-02,-5.726292992330109938e-02,1.223997579200631902e-01,-1.958351603060378213e-02,1.874963459534318908e-02,1.245853164030285287e-01,-7.962718828428684559e-02,6.808676510597366782e-02,9.022331233519866045e-02,5.579855341110069589e-02,3.144992656557273059e-02,1.393596684984484135e-02,-6.881440834217340818e-02,-3.343663107556772707e-02,-1.162335068710567271e-01,-1.582065068887745368e-02,-2.987214341038092746e-02,2.365598556240796832e-02,7.458496559559445183e-02,-9.226615753324812763e-02,3.844208390150558041e-02,-7.847576016629843887e-02,1.689694126683919523e-02,1.548423809580518236e-02,-8.015606679226792985e-02,-7.993675553338276674e-02,1.682351723574544711e-01,-6.493999163642297234e-02,3.141904208388171527e-02,3.206418526792609303e-02,-8.348607652760239167e-03
2.553470738722942932e-02,-5.104174253012732504e-02,6.710388662082654443e-02,5.061600567364925307e-02,-1.836735192112079473e-01,-9.381380950665369270e-03,8.879435773169352952e-02,-1.182200436111214281e-01,6.715085366219075702e-02,-1.694870407854168759e-01,1.493655370797646875e-01,-7.841366631747213878e-02,3.629639389949409350e-02,-4.217755474649036856e-02,-6.433200714044377821e-02,5.992114349609333618e-02,6.921553799088821235e-02,5.501114669000993496e-02,-1.961134939993309026e-02,2.509446156898164637e-01,2.209562362120127688e-01,-1.382074066584108585e-01,-1.705672005089491072e-02,1.247921464091378413e-01,-1.606081178264861728e-02,-2.722322134594801993e-03,8.507443791915508813e-02,8.772191375483635867e-03,3.186867138337565186e-02,-1.210932005679243584e-01,2.008873990238740359e-01,9.364495041506745547e-04,4.757916377491263130e-03,4.124815293681698136e-02,1.133698290405134035e-01,7.425896927245392853e-02,7.828743757697290140e-02,4.459519775678269515e-02,3.254431668931392820e-03,9.122209054540445991e-03,9.906145989477693758e-02,-3.078115055031349634e-02,8.709450569135454567e-02,-7.395375564719794403e-02,-3.305713762660505983e-02,-4.414824156102634123e-02,1.354156828725359410e-03,-9.215755632500037542e-02,-9.680834891856923696e-02,-3.082952672678422948e-02
1.226158901559021019e-01,4.259525487191289511e-02,-9.385363173481790777e-02,-1.422592942417536845e-02,1.255124417684503474e-02,-1.001432620668431077e-02,2.011987183147234334e-02,-2.556029070757169508e-02,7.186542950699947863e-02,-1.482100395935136107e-03,6.881995719257419375e-03,-1.005385654120790478e-01,-5.646651870190164818e-02,-8.708429132855776897e-03,-2.891350909669270636e-02,6.494412564426765844e-02,4.235196834460685372e-02,-7.810900336603075755e-02,-4.003388395299556368e-02,-1.430909881724841751e-03,2.563950250277551718e-02,1.165724028657734966e-02,7.092711781955593486e-02,-1.065748123089235028e-01,7.862701978068710462e-02,-4.217912078755481180e-03,3.885138695592998959e-02,-4.966917655066383636e-02,-3.492108113093595097e-03,-8.787298582561157978e-03,6.319129593035105463e-02,5.292491715315836981e-02,5.320545185942525575e-03,7.832936063488246670e-02,6.002428808555080458e-02,-8.597290982556897443e-02,8.696281720740585419e-02,2.695146207831910015e-02,5.853621250712814222e-02,-2.598417774331444885e-02,-9.137901733434358742e-02,5.577248102857613327e-02,-2.108084493294089604e-02,6.415652227273091479e-02,-8.120566333110970300e-03,-1.496582114059001253e-02,3.201495198002959897e-02,-5.141620635291141439e-02,1.889472287715367183e-02,-7.284181881974839678e-02
3.943626880546150654e-02,7.521859723125902571e-03,4.855235515744986408e-02,7.240201964792984668e-02,-1.524820033541182500e-02,3.758624240590625887e-02,6.684205737049069007e-02,5.827753976571731914e-02,1.431623881946043203e-02,-3.279722715406634820e-02,-4.722737448834210539e-02,1.115029333697118222e-02,-7.873218989449420890e-02,6.895780999571024528e-02,-9.561232089159196756e-03,-5.099675245241293287e-02,-1.244241318194340591e-02,5.985053709341782088e-03,5.648239088502387401e-02,-7.859271842927405272e-02,-2.222336545002890490e-02,-1.063092907035698489e-02,4.567744624061438607e-02,-1.846230574847835051e-02,-1.831567180387644669e-02,-5.884679322710994337e-02,1.811951706137077123e-02,2.999081454176127232e-02,-2.876079015898448665e-02,-9.744021806033632480e-03,-7.003473490173373062e-02,-1.061737280508868175e-01,-1.035117646631477650e-01,-5.066043268949724232e-02,-1.036919426616824368e-02,9.466106113502541219e-02,-5.705944836339012921e-02,-7.098341184809556313e-04,-7.349023503956771119e-02,3.686320090856399362e-02,2.407414191858172486e-02,-7.285799275040556744e-02,-7.126728428444153995e-02,3.605663594392756466e-02,4.176385799814285454e-02,-9.768935327858897788e-02,6.601587037819858783e-02,8.330963975933243504e-02,1.179318774647485635e-01,9.116867085449044394e-03
2.655975611894175956e-02,2.257229841266633619e-02,5.092453153100426344e-02,-3.386549706843681442e-04,2.045899995020513534e-02,-5.715409794957701517e-02,-2.298996756428015389e-02,-9.372998845090109443e-02,-1.091206084851371015e-02,-1.715170028294002447e-02,1.350374019318480723e-01,-2.140316667952673821e-02,1.065171405558150569e-01,-1.156250919907304830e-01,-1.777694035297675695e-02,7.744646738451817052e-03,-6.426339602435479637e-02,6.583617554601163546e-02,1.760445805119010762e-02,1.555039904730858291e-01,-7.176836317141445376e-02,-1.204124387732364958e-02,-1.268070324912983216e-01,1.318523352271427571e-02,-1.556809092049025144e-02,1.257087488727849922e-01,3.778850797630572272e-02,1.356597714883840851e-02,7.633763921529555796e-02,-3.377075509776113899e-02,-1.681573707800906176e-02,1.665457805839449246e-01,1.776816038587918922e-01,-6.243666912452062318e-02,-1.652926871536380959e-02,-1.325420925440216058e-01,6.418996880502501889e-02,1.026753187946048140e-01,3.267088314528548976e-02,-2.983667952512665186e-02,3.168669062113917134e-02,5.873530783346017636e-02,5.675871942983898299e-02,-2.858317730338334734e-05,-5.978173412973957629e-02,4.676562920668818346e-02,-1.320659027470214852e-01,3.321438352930003446e-02,-2.226723771806815855e-01,1.264476824075501105e-01
1.213874212956248394e-01,4.104081077430851016e-02,-9.485423576541313073e-02,-2.166024739243688560e-02,1.246540460154713613e-02,-3.523485415285140723e-03,-2.306552127081665585e-02,-3.888338412541404721e-02,-1.548930423993438027e-02,4.078175535094565041e-02,-2.763173301076162977e-02,-2.268629621420936368e-02,-5.377386104236934333e-02,-5.671026249533105135e-03,-1.296626239257969715e-01,3.754389501695064996e-02,2.249261833092620899e-02,-4.316863890781401543e-03,9.112924319201772330e-03,3.466064690733746539e-02,5.190259300925136043e-02,-5.376527389274591423e-02,1.250047225293646203e-01,-2.360720673611326620e-02,1.112322645210365654e-02,9.356696741860322589e-03,-7.364782832929836487e-02,-2.990400849663379587e-02,-3.060530744864092129e-02,-1.124353875874800970e-02,3.269220328532795872e-02,-9.988701923473543298e-03,-2.699842311733953101e-02,-5.755004248119287985e-02,-1.446195489378398211e-03,-9.721806639498888070e-02,2.197250695410382648e-02,-1.698652528653578353e-02,-1.231158472705922227e-02,6.054018905073888651e-03,6.099642607304910785e-02,3.610191805892210698e-02,-4.713129998335487884e-04,2.336470211305683234e-02,-5.265420508878500966e-02,1.963627946939161539e-03,-5.514179598020888667e-02,-2.028802774426802583e-02,3.991272010696472056e-02,-6.999499925820440449e-02
4.188477598063807678e-02,-8.727779639362411935e-04,5.341091942239452328e-02,6.848547573507268726e-02,-1.886555594723192744e-02,4.832724761893632259e-02,3.769399957033101045e-02,7.268068824797573046e-02,4.356276286759113575e-02,-5.625217819744113973e-02,1.464095263556820629e-04,1.840846798697617958e-03,-5.460978386752140395e-02,5.181087666062942493e-02,4.509282546429728422e-02,-4.352927073680145503e-02,-2.844395268593845512e-03,-2.801658255329609812e-02,1.367674182467798205e-01,-3.110074297887436764e-02,-6.242494773822691162e-03,-6.455292102611344396e-02,3.342064397425387884e-02,-7.537592191766426253e-02,-5.868297798116314801e-02,2.768177843746127270e-02,2.814170301435734399e-03,-8.528198599770924621e-03,-2.239083541833791074e-02,-5.548408754431120860e-02,3.236323867326068582e-02,-4.236802938520822098e-02,6.361035489394863129e-02,-5.326130885647681334e-02,3.441019613706674390e-02,4.277290396789108773e-02,1.239265562036056534e-01,4.372309813845341731e-02,-3.501049318765894758e-02,1.334678671432896514e-02,1.040366751033741655e-01,1.151687122012378696e-02,-7.015986549256819638e-02,1.411376240171924867e-01,3.760951529241827671e-03,2.287216084891607534e-02,1.121299301913879394e-02,1.679606795504764213e-04,-3.468143801701580736e-02,-1.907097229667555072e-02
2.457085173670476089e-02,2.971289965837302718e-02,6.598146517302443115e-02,-1.898159619973249779e-02,2.167205132442536972e-02,-9.079717896591021908e-02,-2.731158852771666673e-02,-9.068298642807101628e-02,-4.939539597138316307e-02,3.375819530843229832e-02,2.455984950344856227e-02,-2.900860696700676214e-02,6.508417357096452083e-02,-1.971790634095744316e-02,-3.118425755850600875e-02,4.544860942240228074e-02,-2.103745823435034662e-02,5.451716507532561665e-03,-4.671655544704194502e-02,-2.609360222134453691e-02,-3.370536839795506417e-02,1.127662366245741482e-01,-8.335967934378779327e-04,2.409852634586706621e-02,-6.288145564149580369e-02,1.310183858314250584e-02,3.500653030104653590e-02,5.203041856201710835e-02,5.901771430277178571e-02,-1.443493014654027573e-01,-9.824591583841485454e-02,1.385947411495279946e-01,-9.959101005462211997e-02,-5.058112143866683348e-03,-5.013838157531051026e-02,-1.228425348381123744e-01,-1.691583865146212284e-01,-1.267042806026280888e-01,-1.190350088889928840e-02,-1.305242430331694514e-01,-6.402605676441780469e-02,-5.826942448664079732e-02,1.865803062519233446e-01,-1.185786708646452553e-01,-8.742020023947844054e-02,-6.173848542858182027e-03,1.125243816774884054e-01,3.343757164149729205e-02,1.929809979674837195e-01,-1.454480789510623380e-02
1.172460080818260864e-01,5.584617137175305890e-03,-4.934743850322242942e-02,-3.784920639769127210e-02,-4.048132827455090677e-02,-3.951934582525078177e-02,4.292529930952592582e-02,-1.930950092890338157e-02,1.053843599251476498e-01,4.764488139315015136e-03,-5.125775971477432302e-03,-4.361415845065162722e-02,6.911111508651152091e-02,2.259411457766131309e-02,9.206118262544098207e-02,2.180563081758222360e-02,-8.443142752633523915e-03,-1.073229974411100407e-01,-6.719862399201017569e-04,-4.711060380615359616e-02,-1.162097859485010792e-01,3.712847553447793519e-02,-2.834820224223677759e-04,1.659198444297458122e-02,2.727612347239937937e-02,-3.041849349001427005e-02,-5.450190500517840958e-02,-1.327956084837087370e-03,6.878905283658974523e-02,-1.377790408935353206e-02,6.914899295783522026e-02,-6.014239790018758441e-02,2.773573899259944298e-02,1.042642917733439534e-01,6.056743237087696546e-02,-5.829499191036759814e-02,3.938757626128636807e-02,1.178511519919523028e-02,1.014117861489540751e-01,9.873476252213148063e-02,2.877671670332988471e-02,-8.548199234035439020e-02,-1.434356082077008557e-02,-7.677419603623850987e-03,-7.960849222058154206e-02,5.282915964027472266e-02,1.026259476449453839e-01,-1.069230512220444157e-01,1.295227165109006651e-01,-1.768415805447373645e-02
4.593974332888834528e-02,2.019070468145232888e-02,5.780408140797378691e-02,9.648386359434497905e-02,1.122618264674103174e-02,8.034930410984794658e-02,-1.608566962074205881e-02,5.477763628492357539e-02,-3.991958334196024638e-02,-9.298150175956282348e-03,4.242153050324356037e-03,4.394998523742044833e-02,-1.020384037078049533e-02,1.541999616962730184e-02,-4.720902902584996064e-02,-3.756522866369853969e-02,6.955787790525864989e-03,-9.428118132779390870e-03,-4.070805748844311817e-02,-8.034384770948158061e-03,6.438081176227390678e-02,3.803141711064481068e-02,2.463173275323317021e-03,-7.399805057379651996e-02,-6.959584621064937582e-02,8.970250174306297619e-02,3.828534631851585046e-02,-2.268850199089971278e-02,5.938890232691530768e-02,-5.589953217151270859e-02,-2.534412901425659934e-02,-4.437800667649900201e-03,-1.904338914230539141e-03,7.982978318770972415e-02,5.419784627709170466e-02,-4.965633524829132089e-02,9.595543420046506733e-02,-3.064825822869692365e-02,-2.702435408001432546e-02,-3.398173329798917508e-02,3.809781842206125257e-02,5.880103272552377608e-02,3.851346714439570634e-02,7.789251478057299116e-02,2.674645463364024034e-03,-6.213030723122808102e-02,-3.127992067027941109e-02,-6.767914020652618379e-03,1.289074113981342889e-03,8.308337967809246993e-02
2.175313364704674346e-02,1.239609476827246634e-02,6.880259564005704320e-02,-4.668515319998231550e-02,-6.522865824587113087e-03,-1.442748989446916430e-01,-9.736344888508317993e-04,-5.891564014378994352e-02,-2.045124161188618256e-02,-1.313242932853838502e-02,-3.261493911077393421e-02,-4.103032576059695985e-02,-4.936053194977840092e-02,-1.376241771515392641e-02,3.332247226700692927e-03,3.942564437676080585e-02,3.802327946919810409e-02,2.350777439128898597e-02,4.268069315347702841e-02,2.182236397337788611e-02,-3.894191865555126503e-02,-7.949471903245465543e-02,3.517572752706641433e-03,4.804990405475514925e-02,-5.615750699988932351e-03,-5.933654571301105740e-02,-1.340365354313718949e-01,-4.274534075834633684e-02,-1.719417369724096090e-01,-3.438492577856707387e-03,1.690676880879041222e-02,1.172635692256356610e-01,5.104559091065297930e-04,-9.309713964583210544e-02,-1.822518289387176083e-01,6.978228306193585972e-02,-2.211318334293113919e-01,1.029130450873841779e-01,-9.117545622094365421e-02,-1.337680405594189603e-01,-1.035582213504982890e-01,-8.879432231375557205e-02,-4.408884282742309840e-02,-8.036387395119777913e-03,1.684959659902858509e-01,2.187951978446465717e-01,-2.706213721364718328e-02,4.743077565406079305e-02,4.599941630113047603e-02,1.069497316163049543e-02
1.192351765450880285e-01,-4.699714345334776201e-03,-7.321657843334467008e-02,1.159932477561318072e-02,-5.176751630091962209e-02,-3.448003467719470277e-02,3.395451500869703376e-02,1.133589222783517279e-02,-2.164094965726771208e-02,-7.147990977436719136e-03,4.007212327946497316e-02,4.893492821419489353e-02,-8.838945659608778149e-02,-1.475469367559488314e-02,6.461637428540879802e-02,1.180529211257690201e-03,-1.319632991986348543e-02,-5.591644714099946317e-02,2.402925928019059715e-02,3.456012092711108902e-02,-4.422345029796184712e-02,4.843168166432761101e-02,-3.176322452220979586e-02,4.492711764044748229e-02,2.009293537772100999e-02,-1.521404967158053109e-02,-4.698224265927811172e-02,-4.520878267496151320e-02,-3.724603857365327980e-02,-3.088012979701702798e-02,4.981354405344031594e-02,8.755004659594818606e-02,3.549958264873858543e-02,8.139061459607755886e-03,4.461989703643988447e-02,3.404321949841329631e-02,3.073631487837404086e-02,2.096251607068724127e-02,1.075182924320599726e-01,-9.588154621557961775e-04,-5.856863290413556397e-03,-1.601588208978040884e-01,-2.172206452448868438e-02,-3.730817519467436588e-02,-9.982235499607477677e-03,8.309811558564535183e-02,-1.768400129603120430e-02,1.080958959994738483e-01,9.791630523691861876e-02,-3.533557492975302611e-02
4.580050384353123033e-02,3.114318332317133481e-02,5.965465590338580454e-02,7.376610238955419452e-02,2.022093174162456833e-02,5.882598616110791545e-02,-9.452630817485744089e-03,3.966307133599660667e-02,-8.945495168858197746e-03,5.298091661232607729e-04,-2.696616544309889899e-03,3.332978252369011435e-03,4.897207251313177856e-02,-2.281697513819067047e-02,-2.635534575662587531e-02,-5.408231131693026078e-02,-8.528609158495126241e-03,1.093748491877762362e-04,-1.396999850414463486e-02,1.262619950654700687e-02,1.069611863196364213e-02,-2.186715920715220224e-02,2.886199145552862180e-03,-4.545187493800922213e-02,-4.134309539762441588e-02,3.772464242013558178e-02,-3.867912075822222545e-02,-4.826787829861565321e-02,6.044301424571534020e-02,-4.569509559295893003e-02,-9.357879774082632565e-03,4.443250959443958981e-02,-3.236132779778456287e-02,4.637387726776850266e-02,-1.193708458420943488e-03,6.678688830840673069e-04,-6.307067308654555615e-02,-2.118223660683388188e-02,2.637897057026870537e-02,2.755998662367383986e-02,1.999831662102730806e-02,8.808008665578785645e-02,5.438204631677737155e-02,1.083480746910545217e-01,-6.291705841220127104e-02,-5.199421412642359769e-02,6.295867940800602136e-02,-2.215415348273845966e-02,6.236497419601479131e-03,-1.569033614550510020e-02
2.034961858707359100e-02,-7.285730766285041307e-03,7.898601258586897267e-02,-4.327377772040532505e-02,-2.676663335333427998e-02,-1.155227411258357012e-01,1.323129311293488007e-02,-6.878288559441869676e-02,-4.709570156615404402e-03,-4.744819929619279592e-02,-1.736277825441716327e-02,-5.398382664130714492e-02,-5.571901758145729466e-02,3.143870879370463250e-02,3.789154741726611514e-02,1.767083215137723456e-02,2.427325882626550288e-02,6.585058825338629962e-02,4.478816107288262523e-03,-3.147213944726962032e-02,-7.541749685542899206e-02,2.498293093093437167e-02,-9.525192950203102693e-02,-1.671969788318676542e-02,1.802930717822766316e-02,1.314250163069825318e-02,-1.836181336992407515e-02,1.295144565368180553e-02,-1.541224345616748204e-01,4.880727821861417792e-02,5.533303669434025407e-02,-3.150002589303359246e-02,-3.602900150394496015e-02,3.410930457561092699e-02,-4.022371871862241537e-03,-5.913804196947831243e-02,1.108278772487955866e-01,2.865880333574832503e-02,-1.158811312990799675e-01,-1.132601044365132287e-01,6.618902261706016091e-04,6.818684843338347276e-03,-3.291676844468513670e-03,-1.699151834995575872e-01,7.195369193073133940e-02,1.124441423357995934e-01,-6.356884593486883395e-02,-4.011846811958275777e-02,-1.015054312064309211e-01,-3.267789644297362794e-02
1.228194473086745009e-01,-2.931532518329817497e-02,-1.126757469277365614e-01,3.565640517666725240e-02,-3.141824838091791805e-02,2.218300310158409158e-02,2.914888587496900288e-02,-2.333412189763798064e-02,-3.108355506064349599e-02,-2.152887010036041993e-02,6.422290715081002688e-02,2.088236820295558474e-02,-9.100567577820489751e-02,-2.121863212433261828e-02,6.264636045687828336e-02,-6.068413616834262420e-02,-3.143879752500911007e-02,8.563563393843294513e-02,-4.316698410190226293e-02,1.706302056539328246e-02,-4.578462183096825705e-02,7.454977313207321842e-03,-3.326309925867105416e-02,2.093394071040444865e-02,9.395183193200896954e-02,-4.629732135432107487e-02,-7.570994389451712880e-02,-5.933533450263917680e-03,-8.667895335417617406e-03,-2.659099348300585433e-02,-1.094800850918330702e-02,3.363584215949343235e-03,-1.721907828164584431e-02,-8.513404548561653851e-02,-3.962743022695927597e-02,1.112867341285159739e-01,-2.608392161665384901e-02,-4.866084266307857398e-02,1.103782397328470152e-02,-5.145277030790484062e-04,6.735336077205171523e-02,7.010725502592808286e-03,3.647493690996914811e-02,-1.088723880866685964e-02,1.524440129648313436e-02,-3.449021090637472559e-02,4.650091334129756449e-02,2.641572668224454259e-02,-1.074311295619612416e-01,-1.362469184804165553e-02
4.173551879149082350e-02,4.314845810636813023e-02,5.407080094303851059e-02,4.321536448891782900e-02,1.150211319724797577e-03,4.949350968952642010e-02,2.565607557942948397e-02,2.603847733157292621e-02,4.268813686790528736e-03,-2.774933380112127104e-02,-6.315081241008312085e-02,1.611948809654135950e-02,3.157957451502562546e-02,-8.781431049265185640e-02,-1.598339588143193879e-02,-3.580082264984424389e-02,2.655535961147856630e-02,-2.402716168848901407e-02,-3.651673961100715404e-02,5.439013799529837656e-02,-6.854903550249188959e-02,-5.166751944738252195e-02,4.008789871986978559e-02,-5.944624563060469519e-02,-2.518211948170096491e-03,-1.008590186130408836e-02,8.404529855875364497e-03,-1.847664529392959928e-02,-6.677727354919263392e-02,-7.968814753714926688e-03,-3.133944158181592443e-02,1.001607189265183448e-03,1.205055365857168794e-03,7.106663543758666435e-02,7.890323604157500892e-02,-2.695569001786203567e-02,-5.071437610393673273e-02,5.445029485937830441e-03,-4.026369229569817798e-02,4.320788701061293452e-02,-9.034809214638320554e-03,9.169353458016869796e-02,-8.394916747631626930e-02,-4.127008915298067959e-02,1.610542733756126135e-04,2.497113199187626920e-02,-9.062299868977792550e-02,-4.544360342403341163e-02,2.331817049188558352e-02,-3.086051155640519381e-03
2.403619963719925978e-02,-2.177332383451203307e-02,6.734463218064065670e-02,8.138952629224533233e-03,-3.742356479972386990e-03,-1.071229238499956105e-01,-2.480616430395286148e-02,-4.867086093741041647e-02,5.982970348224765644e-03,4.066330908407365767e-03,8.500297035398603207e-02,-4.995747029700568775e-02,6.628702271191945841e-03,5.168314310292876357e-02,5.501632849889998705e-02,3.713296311065195088e-02,8.484207168530757612e-03,7.521207882367988984e-02,5.222814390185527567e-02,-1.328870716663966833e-01,7.274622850528029983e-02,5.706197893108490293e-02,-7.684052262316407034e-02,1.303547031448492851e-03,2.725332801090148138e-02,-1.014530642922541470e-01,2.876623789863390346e-02,-3.928096047316531614e-02,1.272384718349030275e-01,1.060141046222638217e-01,9.072128677183141643e-03,-1.119056181350913531e-01,-7.256106661994690676e-02,4.358650337977757611e-02,7.435262863014080112e-03,-4.029959764264470778e-03,7.778691156795129735e-02,-3.753808196157813054e-03,-5.482811826809140011e-03,-2.205599706754684391e-02,2.183217000014764549e-03,-1.493062914832956889e-01,-9.409370768510868024e-03,-5.591651136473403672e-02,-2.365058189241739384e-02,-1.469011954625443483e-01,6.657823393032956394e-02,9.268708480609059996e-02,-9.946990805003906588e-02,9.761176405063234571e-03
1.233873968886227551e-01,-4.152220926893773062e-02,-1.239365419618807668e-01,2.782879821072965082e-02,-1.947691237558157873e-02,2.261998580340816856e-02,-3.376448752902213440e-02,-5.371813707024445522e-02,-4.240399919015398755e-02,-2.784811213162114232e-02,-2.888928529762387759e-02,6.937946477198776718e-02,-1.305302296590946792e-02,3.516789295788659564e-02,5.816141157541088874e-02,-4.946926762937214894e-02,5.409286449093441383e-03,-4.475792013537214890e-03,-5.082177520651640079e-02,2.062911219867439097e-02,-4.003599257611162310e-02,-1.265703868487152439e-01,-7.754649159256787883e-02,-3.904772400795871595e-02,3.085251485375204578e-02,-4.968032912009458929e-02,-4.207654141535885350e-02,-2.765269419319078045e-03,-6.002304990039231819e-02,-6.922493466423888797e-02,-2.999080625263886302e-02,-5.778282571074134372e-02,9.493623835094134114e-03,5.087618866912644450e-02,-2.527499699576079076e-02,-6.176841116956140187e-02,-2.940704543870967941e-02,4.237372873234402509e-02,3.345746841324181292e-02,3.440901625022578514e-02,-1.363501202890081182e-05,-6.208269467067907554e-03,6.032160762146211719e-02,8.981908641505241542e-03,-2.277258792299523271e-02,-5.131862675055123835e-02,-2.392317458165683919e-02,-2.550663282952835530e-03,4.367683329961936922e-04,-5.700733663510023502e-02
4.132860564675995552e-02,5.682762537514984835e-02,5.072599781313495010e-02,2.686553790050815599e-02,-4.087256099633377465e-02,2.266715388604240503e-02,1.531588435539155829e-02,6.244953061777059472e-02,2.557494244301392397e-02,-4.697111301035838959e-02,9.769289912519289742e-03,1.594427930939522689e-02,-4.106378268544778887e-02,-2.131275808891490708e-01,4.369190920691255059e-02,-3.492224568167866944e-02,1.280582624662374158e-01,7.652393016543565518e-02,-3.645811042092594878e-02,-2.671140344387991014e-02,-2.386632781327533218e-02,7.986756918792550092e-03,6.461875339134867668e-02,-2.525792691773276477e-03,8.246800714064939433e-03,-3.658096786749234081e-02,1.054972759330364551e-01,4.039750813549228270e-02,-2.202257988431483016e-02,5.663172783273198035e-02,1.821421443081654851e-02,-1.289863949654803665e-01,-1.084095836025128073e-01,-4.094797994210535447e-02,-9.457203780006738503e-02,-1.353866194645135523e-01,2.065167494719402988e-02,9.104215460956728567e-02,5.754802187262268720e-02,5.988546201780959102e-03,-2.489150569796536386e-02,1.704926295482558571e-02,3.495561097088523139e-02,5.922947810303850341e-02,6.969999788397193696e-02,7.449608095674180308e-02,5.569969785689965480e-03,1.393175813541146744e-02,-4.968005241764045926e-02,-5.446399949662905637e-02
2.537128804509550944e-02,-5.584639914324012605e-02,6.322934013652659058e-02,1.459933625752663118e-02,7.130556781826601076e-02,-5.644057018687224231e-02,-1.902112776229193322e-02,-9.767581656066030849e-02,-4.244915037060720264e-02,8.113964945567547771e-02,-4.954109823094181991e-02,2.394899038042573244e-02,1.568807528181616617e-01,1.650927922623544875e-01,-3.923371182520599479e-03,7.737904852228515151e-02,1.092233440208931761e-01,4.331639113965841080e-03,1.016756281883952721e-02,-9.524193876355561972e-02,4.028765982101044363e-02,-1.400965959416486939e-01,-1.428148144604839964e-01,-1.484869631899289333e-01,5.655351693204278135e-02,-2.675900224021780099e-02,-9.382124606548188778e-03,-7.151576952050567315e-02,1.745779790281594065e-02,1.332579932041686593e-02,3.171541338372902558e-02,7.673196698674179805e-02,-3.865651351355895576e-02,1.348065878622817515e-01,-1.041254094366962368e-01,3.099408599793108260e-02,9.706406215350984329e-03,7.468352710014425355e-02,7.589105919297828295e-02,4.657492740768811451e-02,5.722840412535278726e-02,8.434412968631267715e-02,-4.166859885512715078e-02,3.885728847442404543e-02,-8.950196114017895666e-02,2.036300224585694055e-02,7.605173755182476070e-02,6.271258391560061152e-02,2.950447013190969289e-02,-1.397173564725676387e-01
1.061334228093353260e-01,-2.720837321097233641e-01,4.227529867396024460e-02,-2.714648539820075507e-02,1.060006323778874132e-01,3.085701719250913064e-02,1.083398949601521305e-01,1.071776286746815160e-02,-4.685806642087392976e-02,2.226166227483239793e-02,1.011205738976641427e-02,5.828233267941207787e-03,7.439317145855445235e-02,-4.598957610792527712e-02,-1.019260863716697912e-01,-4.833304312682823456e-02,1.394700501698828421e-01,-6.944479397438715895e-02,8.345473188098183684e-03,9.376382090917165235e-02,4.928531215377194262e-03,-9.835114780043193936e-03,1.683481906856974450e-02,-2.599149813552742092e-02,9.796350359507832728e-02,-5.220204291704910043e-02,7.996245786083816531e-02,-7.625995431754553633e-02,6.635585776377381922e-03,2.375130441591388405e-02,3.039291162924679518e-02,-6.721859632565174887e-03,-8.471883903605839650e-02,-8.509372886985216988e-02,9.192498812519422089e-04,7.679642032265236729e-02,6.015496793224291323e-03,-7.543282317875094067e-02,1.170367279801091259e-02,5.683690370909212988e-03,-5.713044937244646931e-02,-4.835724262642641935e-02,2.285458515329883214e-02,-7.293118060267410330e-02,9.306964398297623564e-02,2.562946897556264356e-02,2.037612330620158091e-02,6.983048376584720385e-02,-9.360195051292576063e-02,4.328732760424758297e-02
4.653067940156889459e-02,4.143495939236174069e-02,4.527171720771887981e-02,6.202927370223243475e-02,8.447668506547689748e-02,-2.795536356237272868e-02,-5.184449262118300678e-02,-1.857971468098637904e-02,-2.003155138756635908e-02,-3.845939499967031272e-02,-1.036570917767170863e-01,3.301572459068101428e-02,1.127124484369046026e-01,-5.747331336065847340e-02,1.647906851654339783e-02,1.649119749651908051e-01,-1.081509390783558650e-01,-4.865075121031319644e-02,-6.272904407650306546e-02,-4.105156854394716170e-02,-3.758051122060623861e-02,-1.803342631745257982e-03,-6.058091810513192149e-02,-4.065210882186884311e-02,6.271098684874239215e-02,-1.578082099105725666e-01,-1.107031446081406106e-01,7.045472510975069047e-02,-2.532025978470697422e-02,2.152228356944610801e-02,-4.303997360989370025e-02,5.751145155286532112e-02,1.264449316098831266e-01,-7.176291515321088499e-02,1.326011069754486071e-01,5.866023692934215633e-02,-5.937390915321048845e-03,-4.747748698429077319e-02,-1.678240742251724260e-02,6.533691438301866827e-02,-7.198457639376992789e-02,1.003974773095913653e-01,-1.084544073093454825e-01,-1.629706239279246349e-01,4.191721114737177734e-02,-1.009065393035425695e-01,-7.074329636828319279e-02,3.834777116459810870e-02,-1.730730046190793320e-02,-1.250643358388547855e-03
2.709199679757829174e-02,7.209435412497555706e-02,5.994197764589279109e-02,-2.474509738495918321e-02,-2.063764473271071653e-01,5.372033617601047577e-03,-3.055894420198325412e-02,-1.129103814685628870e-01,-1.009761814530502587e-02,-6.058107563994196039e-03,-9.151519798392150629e-02,-1.959017134194855625e-02,2.269415921135995995e-01,9.162222655898749624e-02,1.291801473309734105e-01,-1.861274364508084533e-01,4.821666103101723139e-02,4.543596428680596322e-02,3.984953616710795732e-02,1.039907317738121700e-01,2.263641728929024766e-01,-7.028082890813448780e-02,2.631893336293546215e-02,-1.019447078896756464e-03,-5.813588025967661443e-02,1.944236254307091585e-02,8.607604886006828271e-02,-1.011461505737302168e-02,7.526537569585041443e-02,7.529847805683732853e-02,5.747056655350363252e-02,-7.392267241020730739e-02,2.422791024741301549e-02,-1.036488629398913536e-01,1.602036482782861482e-01,3.306289608564075277e-02,-1.031668074187999246e-01,5.621873531084637526e-02,1.159350253598276093e-01,-6.483121247209940041e-02,-2.481869944861986865e-01,6.558497823628096912e-02,-3.907243814804804011e-02,2.297379112917838709e-03,4.867928764133842845e-02,1.814056797474032923e-01,8.466225187740976377e-03,1.326431918923913489e-01,-5.425916271805967389e-02,1.092534656102240320e-01
9.917731873532020792e-02,1.600442709109964889e-01,8.927876760251091115e-02,-2.198377953636496129e-01,7.569678454287820379e-02,1.750041815296310699e-01,8.154997320290445495e-02,2.401917094892735277e-02,-3.275307332892053030e-02,-4.593866526239653164e-02,9.663498711542664599e-02,-6.573309944443479422e-03,1.261129624315160402e-01,1.302090025879071578e-01,-7.693148298189463052e-02,-1.053053156675725910e-01,2.287741725429325718e-02,7.515613674376586673e-02,-4.125078679983819330e-02,-1.139731752558880221e-02,7.156192330273965230e-02,-3.186299298097457905e-02,8.331171797370626186e-03,8.376160077630191714e-02,3.549698756024720347e-02,2.422755234451264787e-03,-3.466106789747757516e-02,7.759611157677533122e-02,-1.797619647503036905e-02,-5.487923309791969267e-02,9.179305575639222503e-03,-7.426449531215900679e-02,3.280283579076311018e-02,-4.636033632198058307e-02,4.133994797125954690e-02,7.662005608820716962e-02,1.402343664554274449e-02,4.708535178051728720e-02,-7.906779917962608595e-02,6.926279156323429664e-02,-8.789710553338171348e-03,-1.407087681348336526e-02,1.970765714417788833e-02,4.671119868466037635e-04,6.926513237770763609e-02,-1.124608950017347703e-01,7.660190266508108692e-02,1.087473255535372635e-03,-7.927805314147157167e-02,-3.990649703527598263e-02
4.931401912067852333e-02,3.432623906582044776e-02,4.574915079532646672e-02,1.165827494996224678e-01,1.109600078955760016e-01,-8.438544498063560440e-02,-6.082106630824873905e-02,3.253050466848186884e-02,-4.796720810335762530e-02,1.171835661857774102e-01,-8.071086851762462877e-02,-6.626889460798991369e-03,-5.323710400633978324e-02,1.134325603110876088e-02,2.497916957285264278e-02,1.396063940438516116e-02,-1.934129340997948199e-01,-5.179510063302435185e-02,-4.465245554502541431e-02,4.971330994521203084e-02,-1.607730092012786202e-02,8.216978579925102166e-02,-4.329932842209341382e-02,4.979496900215275856e-02,1.974906265419014151e-01,-4.240315937626009529e-02,1.824721752800057550e-01,1.378912068643743938e-01,-3.689134793573143473e-02,1.592854118341870961e-01,1.258870865736864408e-01,-1.075744192730785642e-01,-1.013517157015505522e-02,-6.952606825681106884e-02,-2.293981158981869828e-02,-1.015500637715692211e-01,2.687915916017084156e-02,-2.680774100726334742e-03,-5.236145061045143628e-02,1.033336013895675906e-02,2.283122871716701269e-03,-2.888311753512708829e-02,-6.274408428634490296e-03,-2.394141356448387797e-02,-1.728839472346460071e-01,1.807036554968614039e-01,8.183477182387781726e-03,4.426899021706830889e-02,-4.958446385085045482e-02,-7.726763147368558016e-02
2.966421351057038289e-02,-1.276858865244094067e-02,5.074307502385332069e-02,7.005147998621374938e-02,-1.391004105224870509e-02,-1.308667290518171489e-01,1.159964857522069320e-01,1.261285965746262701e-03,1.036513877594404109e-01,-2.088363880451833965e-01,-7.590432986700253182e-02,1.048524031909437576e-01,-3.745974150771323730e-02,6.879953876753440445e-02,3.047333217338229691e-02,2.956266791421576778e-01,5.199809392334398678e-02,1.709604652643396394e-01,-3.595702602460422448e-02,9.591243808088474598e-02,8.277495204308553747e-03,5.972199541607990658e-02,1.623961759309406616e-01,2.626374962460379381e-01,-1.012560091975796134e-01,4.662745961936075323e-02,-4.759705437715111911e-03,-1.968259637889126779e-01,-8.518196128548030654e-02,-2.165982904562427092e-01,1.483958694428838543e-01,-2.192390381365526275e-01,8.316238085385932455e-02,1.092302320690078654e-01,-1.323695705518469212e-01,4.429057766603426011e-02,2.957639550446692321e-03,-3.814702386263250922e-02,2.944980269472256829e-02,-1.029495846145948024e-01,1.619355713988836210e-01,1.390954400190086981e-01,-8.322891882074882897e-02,1.192487784797864776e-02,-7.928031675457725136e-02,2.795534189047048975e-03,2.247877270400218050e-02,2.025108102278447009e-01,5.597624991405705797e-02,8.362259614899691940e-02
1.188797658398591389e-01,6.224330466340879942e-02,-8.607860672790795808e-02,-3.093911965828748806e-02,7.654810481837839853e-02,-2.206022932554326313e-02,-5.750041128769626392e-02,-5.733680030800208938e-02,7.516573453282551776e-02,-6.434849774839711267e-02,6.364156126706810995e-03,-8.442394194202341995e-02,-9.271018352588117351e-02,-6.144027398781635139e-03,-2.861461574687904075e-03,5.287801276781347454e-02,5.420174653084203903e-02,-8.731310432329114635e-02,-8.909404198656266372e-02,8.817917524527931275e-03,3.308971689426224577e-02,2.114912078680903154e-02,4.093418318001908890e-02,-1.184222020754148869e-01,5.295907144911343040e-02,7.116576442572641881e-02,1.517913769902368426e-01,-9.834879201280601058e-03,4.550588597403860958e-02,-8.718739713901260679e-02,4.717624060663483040e-03,9.983997748692097218e-02,1.735121007462118656e-02,6.485478113787956911e-02,4.516473547040584374e-02,-4.859698350101413628e-02,2.411673716077744611e-02,3.836365307289845566e-02,2.565619931660641923e-02,-1.099918380645723698e-01,-6.024336593448715443e-02,3.352783605982870285e-02,1.928611289049564706e-02,-3.842851190740330380e-02,-8.196892846620803738e-03,-4.098953804612006507e-02,8.259736519577828839e-02,3.169009633819456530e-03,-1.143200120187576191e-01,1.091218019436208594e-02
4.329977032387274244e-02,-9.009149388519729559e-03,5.699455267514162704e-02,8.938249651051528855e-02,-5.778374787559862474e-02,3.905643382624977844e-02,8.929686524425575755e-02,3.257227888655127301e-02,7.060871402359078508e-02,2.844244027186521723e-02,-8.052370052539629952e-02,-2.968673153664692227e-02,-9.937120086072016856e-02,1.301632745499878563e-01,-8.264297656732756681e-02,-6.134547477276659083e-02,4.976422145462066488e-02,5.623635288349613376e-02,1.175170264721877439e-01,-6.288770628082854253e-02,-7.642177800967919765e-02,-2.429795223679395363e-02,5.264462225068421847e-02,-1.817627174238511251e-03,-2.012623953379337558e-03,-9.430464630688589409e-03,-1.706821953271145799e-04,1.965143636569805299e-02,1.096596066699268186e-02,-3.492888234401636538e-02,-1.074590851363166483e-01,-1.712267060040241484e-02,-8.195746040991297443e-03,-1.059232387325883817e-01,-1.610891831586917788e-02,1.040131466695474668e-02,-1.712495260157501434e-02,4.388866506255318517e-02,2.230633010832171886e-02,1.426059289841683994e-02,-8.207768188145966870e-02,-2.003345315664364565e-02,-5.721487449601344449e-02,-3.030777826889756096e-02,3.559939578195506910e-03,-3.103400931929542819e-02,1.725328962126490215e-02,-2.979925206830947096e-02,-1.580271172312558425e-02,-1.126110088205202822e-02
2.309997578379683475e-02,5.425051120176088010e-02,5.816888884731171577e-02,-2.710904914146695238e-02,7.344182845625270295e-02,-7.404256058347528924e-02,-5.708195493129452486e-02,-1.740412708731454636e-02,-1.193153481538544308e-01,-7.818658764137931261e-02,1.671449466861065214e-01,4.365011391130214219e-02,8.837439651476075575e-02,-8.919207600816829451e-02,2.626053247398326546e-02,6.410338741176638093e-03,-6.463006088542093408e-02,4.258646263395143156e-02,4.015854030675093667e-02,-2.072575958448046388e-02,-4.273749325597203143e-03,-4.097378139720561641e-02,3.344766706761679882e-03,-9.536838834777110196e-02,-9.655163200245973909e-02,3.907114692973583103e-02,2.092651134276708388e-02,4.363565349323184767e-03,7.647783209935982152e-02,-6.529687634171710275e-02,1.241883864133403320e-01,1.980847133335928226e-02,2.244677260896431603e-01,1.327864107370725459e-02,-1.907701349842162164e-01,-8.749938680894910406e-03,4.137775451034195889e-02,3.975354863049211651e-02,-1.063818053007433012e-01,-4.176430126803542392e-02,9.160882634544464942e-02,-9.150562629769970480e-02,5.212961725678130764e-02,7.017821894046448461e-02,-1.187202169528352863e-01,-1.502284333505998944e-02,-1.178987439754031058e-01,6.330173094508208254e-02,3.258071158152180818e-02,-1.229376993613488511e-01
1.189410520941835553e-01,4.166440199125836380e-02,-8.059947221889948721e-02,-2.489077991280293223e-02,4.234913100997280549e-02,-2.007890059016366122e-02,-7.829594806019071762e-02,-7.304853099813492234e-02,2.035133998980194828e-02,5.112472592138147393e-03,-6.558173178395441949e-02,-1.860433634080475157e-02,-9.214009013242190071e-02,1.036571231042766536e-02,-8.036248577442348107e-02,1.152652358979355460e-02,3.109201842790874221e-02,-9.781143690114268638e-03,-4.831683032871608025e-03,1.501344615665104257e-02,9.166549984980330856e-02,-4.248163581796536581e-02,7.699166539004387300e-02,-4.942632115054675090e-02,-6.547963646601100141e-02,-4.093299010360992342e-03,-5.404302261262585935e-03,1.922518358328231813e-02,4.365271685071953761e-02,2.499872992698704346e-02,5.294285934674797765e-03,8.612311387905366780e-03,-1.084749593604249357e-01,-7.741597100110393648e-02,5.599816114562772285e-02,1.146531539241708864e-02,1.347741050000482443e-02,1.571203011091164975e-02,-8.720993478022941170e-02,-1.696612474657508557e-02,6.510416879497686604e-02,8.453068546617313606e-02,6.925609070489080477e-02,-5.974702112067879767e-02,-4.782279967656055675e-02,-2.273537584173051032e-02,1.144947781332000813e-02,7.009257235419229758e-03,-9.988584981945153665e-03,7.901727659579366181e-02
4.402610759778272098e-02,1.612402422580628061e-02,5.875480909132602125e-02,8.102735997257191902e-02,-3.410874254702419422e-02,5.789464135987942156e-02,6.213182776992431933e-02,6.139604387792876872e-02,4.583817435842228033e-02,-1.277290794986845821e-02,2.453816068394994859e-02,5.639659559990809791e-03,-5.317949948831374868e-02,3.991791632982859273e-02,3.809208814650175828e-02,-4.797675875568204601e-02,5.120675153779063321e-02,1.650272118652367642e-02,6.450845305814266462e-02,-5.343086599604459502e-02,-9.095101549703018748e-03,-4.682057063450623113e-02,3.633485505524897824e-02,-9.023804113892429368e-02,-2.033997333632903484e-02,6.644503610397380078e-02,5.364310846459834775e-02,3.650830422120873828e-04,-5.589953699667556120e-02,5.363192961150118482e-02,5.394480863968614641e-03,1.025432564410830825e-02,8.220584326857266477e-02,-6.290767151056176308e-03,-6.823123764425582938e-02,-8.906981546524164739e-02,3.725649511595149899e-02,-1.989427688299917271e-02,-6.193056598220113805e-03,-5.601988371436676661e-02,8.299218402018321283e-02,-1.070020800087793759e-02,-4.591551927020281337e-02,6.742801002972875768e-02,-5.128444034983055747e-03,-2.667812564871683070e-02,-8.091244064906086622e-03,-8.951994253974946553e-03,-4.106765392164136302e-02,6.260755407918355830e-02
2.235407305592376423e-02,-9.530697190380677669e-03,6.688233205142188331e-02,-2.405018918400887717e-02,4.459944948423230637e-02,-1.024908032462444191e-01,-7.061825472559120354e-02,-6.286471526635334373e-02,-9.285562857879975374e-02,-4.416992332394659160e-02,-2.182789338261734852e-02,1.267184538638747859e-02,5.131239106240998576e-02,-5.335353554150389088e-02,-6.438948089122084606e-02,1.070603180295180180e-02,-4.259612983166648215e-02,3.837341812851034761e-02,4.584931283902644872e-02,-1.424736777087028117e-02,-8.900755599769069604e-02,-2.603008598678311844e-02,-3.821752113268875317e-02,2.294466976645281528e-02,-2.277444918060949480e-02,4.010339737891585599e-02,-4.172926831352220811e-02,1.508975405066854091e-02,1.343450884233765297e-01,-1.699262390897761932e-01,-9.385693880830886515e-02,3.345515216058624758e-02,-1.209651913498089870e-01,-1.893330275400857687e-01,-5.115442705439282589e-02,5.744966557950920844e-02,6.788901822188768420e-02,1.234289209757435113e-01,2.002164799978637180e-02,1.687931106950628923e-01,-2.922488764594224561e-02,-1.032325934838980996e-01,-4.778516237553513679e-02,1.924800668493637304e-02,7.073762889840205792e-02,-3.331190291152311828e-02,7.836393570307023659e-02,2.042977731618021986e-01,8.390597780665928762e-02,-1.654195055951847015e-01
1.154670707477230968e-01,1.891425894224307500e-02,-3.786421995157140952e-02,-3.088743404110664073e-02,2.830941522377482429e-04,-4.262471442265385047e-02,7.483381991958081014e-02,-1.959690632770358029e-02,-1.261622689303866333e-02,6.448570725211162646e-02,-6.333090733605659106e-02,8.318387310060766648e-02,-4.227303644744768302e-02,-1.884554427180981304e-02,-3.498556724837818127e-02,2.903437400219468015e-02,-4.268628105795140709e-02,-4.609993227634729546e-02,1.463219411799792161e-02,1.734508585545958565e-03,2.332831200201345573e-02,-2.554848008039344032e-02,3.545142182394089131e-04,6.126351739627276458e-03,-7.039556131320350019e-02,3.384941065785013192e-02,7.820034665874711285e-03,-3.660720806999567811e-02,4.322631603936884920e-02,-2.619738460438645472e-03,-7.443981632746457348e-03,8.289045164477413337e-04,-2.701717476133343870e-02,-2.015272172428597339e-02,-7.562724909037889937e-03,-5.336768528092431657e-02,-5.047679009583208587e-02,2.823998679566603123e-02,3.775898733848215977e-02,-4.026534662503567646e-02,1.406327648689653480e-02,6.935192175933928282e-02,6.071220952971795662e-03,-6.710254748260122137e-02,1.403316286647080142e-02,-5.611976039543516322e-03,-6.154136259310469259e-02,1.001780355914080323e-01,6.395578173082897000e-02,1.135603617311897601e-01
4.771998239917916995e-02,3.557278021700925608e-02,6.113038150249480024e-02,1.072006914480487794e-01,-2.708505820610386181e-02,7.049270840464871846e-02,-4.767051602319709314e-02,-5.885549639917197692e-03,4.242949346895501933e-02,-4.965035082588407922e-02,5.065006514723287279e-02,-4.603990667777273921e-02,1.566387086052199035e-02,1.130342554769590141e-02,1.102438350814843870e-02,-2.599380229631205116e-02,5.809876782039201382e-02,2.456666917561402610e-02,3.746794047444008263e-02,-1.034344327020050719e-01,-5.717756228355214826e-02,-3.738022525954517311e-02,3.331817174342159571e-02,-2.749235921538506489e-02,-3.356864024459214196e-02,5.651608852833810148e-02,-1.428812142186946035e-02,-1.366018116943090374e-02,-4.393104007323287569e-02,6.523688933644680721e-02,7.259543380887879642e-03,1.158231556051004252e-01,8.122322189577318996e-02,8.230683884236947301e-02,7.031769198251004369e-03,1.927552060175974705e-02,4.911082853102072959e-02,-3.822871222117611711e-02,-8.728402032083582875e-04,-4.512465331834624588e-02,4.039866855369442927e-02,-8.928074304910443848e-02,2.109182860282643544e-03,-6.337606692899300231e-02,-8.066953835545284668e-02,-1.311381693848609996e-02,4.487616867868356174e-02,3.827745740877011235e-03,-2.218371371307242476e-02,3.741764495261205858e-02
2.001043027497180493e-02,-2.375608823493302602e-02,8.251833455705298581e-02,-6.059504476965426462e-02,3.422557365899891318e-02,-1.211878569056062394e-01,7.082514271054611565e-02,3.265370487723393000e-02,-9.796280965864351264e-02,-5.891598119992226719e-03,-2.923196160472138136e-02,5.359304196018127575e-03,-2.951633461125504482e-02,-1.874846614123884536e-02,-4.249384173858135501e-03,-2.567388075897753669e-02,-1.452659208703927472e-02,3.918784702030123773e-02,3.347871749770373051e-02,5.211271802471793141e-02,-7.318490743149025368e-02,4.100339571182336218e-02,-1.000603646936692182e-01,-3.324599710561214339e-02,4.477037991726406409e-03,5.810508112327113575e-03,1.695994046528713375e-04,-7.846656808948868078e-02,1.570164868241531453e-01,-1.163491100569088721e-01,4.758777885336899771e-02,-4.761900357754804414e-02,-3.944458770790694457e-02,8.658578016282292289e-02,3.679312523956310838e-02,7.323947283063877989e-02,-1.322897737352762317e-02,-9.350473152167643187e-02,-1.175076155356121477e-01,-6.651504545673399271e-02,2.118980032940389821e-02,1.760252117303851005e-02,1.383869659664140397e-02,8.611812988074299402e-02,9.908470977221944809e-02,7.618432701222013770e-02,-1.737503619647063346e-01,-1.279531742174649656e-01,1.609686288781811692e-01,-1.749985253301689914e-01
1.176062189927043061e-01,-2.665649796693659104e-02,-5.807981692849990135e-02,1.081457448134472317e-02,-3.264141558799278642e-02,-6.738180407993277048e-03,1.047139982364977961e-01,-2.197515817151962994e-02,-4.880879267132538779e-02,5.668585237496894663e-02,2.549205729284500371e-02,6.546773555293382285e-02,-4.554958312627444689e-02,-6.615159016534588599e-02,1.293117019166021599e-02,-3.151340632049587365e-02,-4.563855585464141051e-02,2.168133552610891288e-02,-2.008340018623084103e-02,1.964872584690249488e-02,1.506462662655664100e-02,-2.495443675795100402e-02,-3.250300602781819315e-02,2.304164501843115193e-02,3.785907914425049037e-02,2.344422539776396322e-02,1.652040103845636319e-03,4.036787874465672110e-02,3.459014624612610778e-02,1.274450171552017445e-02,-5.306672584291111106e-02,2.171133300931261598e-02,-1.464214233244134390e-02,-4.733545282099100443e-02,1.643227562778607626e-02,-1.214641320362483227e-02,-1.520375984331436350e-02,-5.451268318746708974e-02,2.724454638732343170e-02,-3.293672214661625547e-02,-2.754773848686432186e-03,1.864871733150474595e-02,6.311522156111533388e-02,-8.804442941626436370e-02,-2.457060110212929555e-02,-5.571019179955541412e-02,-5.193622413623296546e-02,6.089455753128542731e-02,-1.593265268529021547e-02,1.883980888869660891e-02
4.678240607679678975e-02,3.454944718120023933e-02,5.807513983035082761e-02,8.767716823201825160e-02,-1.189222991255686410e-02,6.415675513892106496e-02,-3.563756346552276327e-02,1.026419538135447083e-02,4.805230228306763690e-02,-5.495716835672481010e-02,9.941206531085419740e-03,-4.073751345077798736e-02,4.589222570661867506e-02,3.410549566996266130e-02,1.810410268979264006e-02,-3.152118999082772436e-03,4.132237799259439598e-02,4.474993199603198579e-02,5.503454772980902188e-02,1.952165771194969927e-03,-1.211141354601445175e-01,-4.943955046048798679e-02,2.118873298086518427e-03,-7.667150047969428957e-03,-1.412509056043526924e-02,3.306192475645380185e-03,-5.469959267636470557e-02,-1.205307961473638806e-01,-7.158466755188349837e-03,4.974085368051262696e-02,-1.570570329102619067e-02,1.233850710806251999e-01,8.995749643949439711e-02,5.486648908326232504e-02,-2.048083512289269881e-02,1.186980650437157309e-01,-2.510902345800359800e-02,3.369373506121074724e-02,-4.763295924646255425e-02,-4.487072667567093553e-02,1.483744996228875818e-02,-8.050214433458209584e-02,3.128920726159838627e-04,1.647620590865293833e-02,3.355930757991846397e-02,4.439315370730676641e-02,-1.661379018103973509e-02,-5.314725397694512049e-02,2.310832425410941707e-02,-1.126324999214332965e-03
1.941696449786443901e-02,1.856427216868045127e-03,8.658761792950080138e-02,-5.063375587829607727e-02,3.095496489243548116e-02,-1.212623854242231430e-01,2.183770736608023344e-02,-5.616243782448384660e-03,-9.048463099039916191e-02,1.918327471194260225e-02,-1.858828436150114158e-03,9.411460194082000436e-03,-8.218554863861787796e-02,-7.580682019829139417e-02,-4.992214248946452715e-02,-7.359573596846662180e-02,-2.777148611989844335e-02,-1.151413948109564038e-02,-3.136447079076764015e-04,-7.401802051232370117e-02,8.597345143160699255e-02,1.541138188784700255e-02,-2.211382187314148845e-02,-9.913599477144229011e-02,-3.375424530867667666e-02,2.441031700939117616e-02,5.478251419763827124e-02,7.520049356148367226e-02,6.511887375267101652e-02,-6.065279462835242164e-02,4.150676981955245953e-02,-5.109524013959615418e-02,-3.490378677521440570e-02,2.614212819845825042e-02,-4.019288841929299048e-03,-8.513623146841955980e-02,3.263728008945106923e-02,-7.547875026260328357e-02,7.937180797465710758e-02,9.803875244559055388e-03,-4.177098993852628415e-03,7.960924386113418794e-02,6.024306186641541910e-02,-1.643267291876968628e-01,6.921764720059568610e-02,-1.077711353134865879e-01,-1.120607927037149537e-01,-1.986365014184576609e-03,2.902480355071004187e-02,-1.127377601412601904e-01
1.242605401352848415e-01,-2.976667934498601967e-02,-1.237049872159620145e-01,3.604903196319705905e-02,-1.886168374970340067e-02,3.040582103276945683e-02,7.654998421681924459e-02,-4.070166808255568092e-02,-4.885101546903390657e-02,1.276984817782198618e-03,4.168475318939379726e-02,5.665308056925996011e-03,-1.191107298477259019e-01,-5.074682713942224588e-02,6.537835981216409686e-02,-5.944529050441221124e-02,-2.896353009707587287e-02,8.339371540327820964e-02,-1.543443012588341552e-02,2.629078468195160043e-02,-4.784666853520323088e-02,-1.021123631789018667e-02,-4.099756319894056616e-02,1.047878446719885566e-02,7.884037968718088374e-02,-1.629162114824858967e-02,-5.475739710670080029e-02,1.385609847176441992e-02,-4.746235345818761858e-02,-5.255459495573324563e-02,-6.955946429341190729e-02,4.815048470015812453e-03,3.552001984721116223e-03,-3.882860753948866252e-05,3.999506661363161353e-02,3.704707249524282625e-02,-8.290959091927320446e-02,-5.822318804957762883e-02,-3.254248715676113374e-02,-4.101425622970262391e-02,-1.659223749258330110e-03,4.442425152248242332e-02,7.454866895676456884e-02,1.756349314661842867e-02,6.948916565682305979e-03,-1.923272428360731437e-02,2.765229266906142971e-02,9.702209518853355252e-02,-8.118422562171911938e-02,7.133240360035604521e-02
4.046313523285654384e-02,4.248200047165991144e-02,4.789025671146426161e-02,4.119017628437627448e-02,-1.796232053196256118e-02,2.847863120203693657e-02,8.711225137695698117e-03,2.077702564119677381e-02,4.222840644703873547e-02,-7.040298464601328632e-02,-4.492881873348101435e-02,-4.260062524299234460e-03,3.760384194179102607e-02,-7.861816878596612768e-02,1.220557998641605239e-02,-5.483496334438055231e-02,-2.508866350746804218e-03,1.952862633519109005e-03,5.051462953177796728e-02,2.686910755902990888e-02,-8.834374307375196522e-02,-2.942395681009356626e-02,3.225826356954275553e-02,-7.079939170950017013e-02,3.913029901144960548e-02,-2.680037490533226929e-02,6.062645335657217832e-02,-1.327327344582270204e-02,6.613879026677276299e-03,-5.163770901672885827e-02,2.149741594159227179e-03,-5.100688994992304270e-02,-1.400794471410235671e-02,5.351428059025668121e-03,2.783686713078580358e-02,8.364304935152082343e-02,-1.983942121882146387e-02,-3.279067413888590854e-02,-1.114138789741386110e-02,8.794233054951725026e-02,2.506752382932580375e-02,-5.611300822713567900e-03,-5.815816520398876116e-02,-4.305669825822081714e-02,1.757408995878452203e-03,5.788578502560409039e-02,-1.223018579440127152e-02,-5.051688338499265435e-02,1.262755545499635035e-01,9.482478802666739412e-03
2.345585057815727931e-02,-1.657635221581565954e-02,7.823272489772351013e-02,2.479263267594385492e-02,4.045763357357924639e-02,-6.220514813924356290e-02,1.704871390883396778e-03,-3.355664472010776861e-02,-3.891089799875576544e-02,6.712819849385762150e-02,1.139126265553016409e-01,-3.390620896358788328e-02,-3.166335432583634174e-02,5.188930829316313470e-02,-6.100065112908836795e-02,4.064648681627380800e-02,3.876969174599703694e-02,8.191213515481940433e-02,-8.120463010972290424e-03,-5.263203941874312203e-02,6.763820033630148221e-02,6.542766928895188405e-02,-3.467053641247484080e-02,2.428774827843520594e-03,2.755230525807782303e-04,-6.205589711490206578e-02,-6.453793346337045878e-02,2.263288806630006991e-02,4.654015326825318433e-02,1.666514071157878807e-01,-1.872219790024679843e-03,8.708631998570155741e-02,5.418762696984372185e-02,7.497372982626845928e-02,-3.286013344203619901e-02,-8.222930235993225478e-02,4.261231083803072167e-02,3.345342496757937323e-02,-3.782167849014520661e-02,-1.156524780256639323e-01,-1.498239497867906792e-03,3.132641907960670435e-02,4.979039167908504843e-02,-4.026083286478937540e-02,3.539233620227250771e-04,-1.379675732587405390e-01,1.718323562760633652e-02,1.203748689041258951e-01,-8.582566098384168674e-02,8.371185319006539671e-03
1.213789820190099566e-01,-1.083438057933311105e-01,-1.086701588317179890e-01,1.176184568575164291e-02,5.012663250742512705e-02,2.467204426319218394e-02,3.622664806709356700e-02,-1.168399879456570728e-01,-4.902106142265254957e-02,-3.462540625419660567e-02,-1.428300183848721372e-01,5.119566025654372077e-02,9.126911630587931923e-02,3.715585940793531688e-02,4.905016978709609426e-02,-8.709117286737412186e-03,7.372813233221235663e-02,7.564438868187168576e-03,1.729137008553262430e-03,9.385148090632804488e-03,-2.981814455850840401e-02,-1.442187607349307565e-01,-1.178851053750213512e-01,-8.149688026479165459e-02,9.207542677079583182e-02,-3.853631413634799746e-02,2.624643709855929100e-03,-7.347179992432620321e-02,-8.938197161465735729e-02,-8.593638311786323813e-02,-5.976523422184860934e-02,-9.300911802356948144e-02,-1.610215977091143322e-02,3.097937842101933931e-02,-3.769692876862148351e-02,-1.064079670615966644e-01,9.400901956913272281e-03,2.445098083113000139e-04,9.929627000469375131e-02,-7.508277932053307631e-03,2.301342002708683596e-02,-3.169711784535880067e-02,1.202656141409992607e-01,-5.677910253996038686e-02,-1.840110711471290225e-02,-8.432296402118809320e-02,3.876981737432727993e-03,3.461975505320093183e-02,-3.671037136386845479e-02,2.517814798725127867e-02
4.455758044545878038e-02,9.181603669322983829e-02,5.217816185329299250e-02,2.617751135185138536e-02,-7.968554729003310411e-02,2.040893806764296908e-02,-2.555153414191149372e-02,5.261243430551035272e-02,1.194665017371880113e-02,-5.836822160433020878e-02,6.399276083947109429e-03,4.235914316945428582e-02,-1.298976777650581033e-02,-2.728711083015928351e-01,7.282571183620305255e-02,-5.846009071555076375e-02,2.050207709600961326e-01,1.062939749911640253e-01,-6.774294639712274968e-02,-8.082193855438114805e-02,-1.308237680709907133e-02,-1.030897802594425705e-02,7.742214308640393838e-02,-1.847231970003709173e-02,6.783734077224677639e-02,-2.874057492512292061e-02,1.003592638712448720e-01,1.009393580390052919e-01,-1.617625419188303826e-02,7.501487574933074498e-02,-1.274421064196980778e-02,-1.124978792375174036e-01,-9.439198554234566607e-02,3.681934294955632736e-02,-7.544781592389639135e-02,-8.681228533820076199e-02,-9.905800344915855621e-03,7.687525179409832043e-02,-3.032644258210539373e-02,-2.704387028891268221e-03,-1.665826727154062032e-03,-2.131587161514956336e-02,-2.191466411054457039e-02,2.492930571489161348e-02,3.708380067215714948e-02,9.386710624579615303e-02,-6.309593270506863930e-03,4.195723564343502299e-02,4.790296794072335107e-02,-7.194511964740771259e-02
2.502045231000511391e-02,-5.349199619907893388e-02,7.413084466229608038e-02,3.128403537043458055e-02,3.744421884608462731e-02,-6.844486854965278755e-02,-4.824272580421112150e-02,2.331131054398837693e-02,-6.982819475618157190e-02,1.490896832451286957e-01,7.524379588427004828e-02,5.429940980674167333e-02,-4.074192799809425031e-02,7.281648858146483327e-02,8.401022963784189612e-02,8.068221395617045100e-02,1.118923138756281466e-01,6.100811289742764237e-02,-1.598989196441185090e-01,-8.580874106189596839e-02,4.243284580216198643e-02,-1.799268133611162113e-01,-2.732804141602616921e-02,-1.135897528004305157e-01,-2.056793025821765028e-02,-2.371503641967988851e-01,-2.326976078671909309e-02,-7.426139916705772059e-02,1.363088784424608124e-01,-1.254250805458250384e-03,4.682048323351145624e-02,2.918273704217561049e-02,9.826154461758056236e-02,-3.191602871873989999e-02,-3.846861892139515765e-02,1.410714252836245963e-01,-1.112659148919136337e-01,-6.932444692819515752e-02,2.233195399550128857e-01,1.293394795782656370e-01,4.358366178064736196e-02,3.028927631185173164e-01,-1.070289007975721712e-01,3.458949860351688554e-02,-2.700148496675027626e-02,1.251080236282751668e-01,1.288528369899786738e-02,1.375699676233789193e-01,-4.690400511102718606e-02,8.213420804270696318e-02
9.871355755981965630e-02,-2.845137680675731695e-01,1.108628530571079129e-01,-7.081064026285739665e-02,1.781764932087619158e-02,1.644425934110580190e-01,3.558224817077927649e-02,-1.145077380875392410e-02,-1.557409279742854626e-02,6.975776617680358449e-02,5.552534484133454795e-02,-8.084996362703149309e-02,3.594904592015325112e-02,-5.619541769968202510e-02,-2.473696671257060841e-03,5.154324257921407554e-02,6.638893475403100097e-02,4.065578687032232047e-02,4.783012348488809018e-02,8.027557082768700669e-02,2.331966609067248966e-02,9.963375455551565230e-02,8.759807949446311859e-02,6.432607993835856575e-02,1.452746990388897874e-01,-2.142571675365312518e-03,-1.204641993892462300e-02,2.042621211614646659e-02,-2.542063610062845081e-03,-4.314382449749896986e-02,-1.054746302827440363e-02,5.038797201958470501e-02,-1.201236325423989983e-02,1.756349947419263979e-02,5.806952770354394111e-02,-3.584614897974162939e-02,-2.563583543462168157e-02,-1.227731562347850330e-01,6.006586447230513603e-02,-6.326369558169303575e-02,-6.755619874814912384e-02,-7.728408398261825407e-02,-1.374644284492497655e-02,3.479436742456819276e-02,2.147211914522308140e-02,-4.867575738174856337e-02,-8.042093574436001702e-02,7.883174213073354530e-02,-3.226305949623169828e-02,-3.093448414875638389e-02
4.799525264225919935e-02,1.088133624958068091e-02,4.413470416803520063e-02,7.917540081609318603e-02,1.386179082284453024e-01,-8.801855034277016043e-02,-1.501087159555419999e-03,3.220987631901736647e-02,-1.088633892877783338e-01,-2.061677713556507585e-02,-2.945624366010073103e-02,1.298494254064892425e-02,-3.423169146496250238e-03,-1.129951659273671291e-02,-7.301027795896003481e-02,9.300428808508078016e-02,-1.630909914406417083e-01,-2.113650941116719528e-01,1.317069664969708169e-02,1.435077865798002061e-01,4.593937386819193364e-02,1.128443016889863620e-02,-6.267622325564818631e-02,-6.519940657950614241e-03,8.023019993046781595e-02,-2.226198966140811031e-01,-1.329709787336834891e-02,8.028964455306658241e-03,-2.683995398513813746e-02,1.096900974653782423e-03,-1.159934385184687063e-02,-1.918328285003667866e-01,1.201416147491013442e-01,-9.441894185710308918e-02,9.713484233687211256e-02,-6.326362399606927367e-02,2.004645506471283700e-02,-9.020474084435856077e-02,-1.312892501447652793e-01,-5.312750669320174396e-02,-3.167686238042156932e-02,-7.499561413869506449e-03,-1.148265917468136235e-02,1.528710985795894706e-02,-1.239698830036285310e-01,9.959318851979380438e-02,1.330977139094746964e-01,-1.175006014784470837e-02,-1.652389458674392297e-01,1.929370248346174224e-02
2.967530913941223564e-02,4.708178985143886275e-02,5.196901583894490001e-02,1.933122916203856845e-02,-4.014479215028247255e-02,-1.262338334168660314e-01,-1.147808665891802624e-02,1.109439439083091845e-02,1.088325255271630349e-01,-6.589145771129839568e-02,-1.777846569004128408e-01,1.734072821134459430e-02,2.285572807996717401e-02,4.395730272000196448e-02,3.279489808683644925e-01,9.567661194221940835e-02,-4.640898704565368099e-02,2.385787520387857297e-01,6.993576009581825396e-03,1.085612095466720155e-02,1.129235167490023617e-01,1.129210252773935191e-01,3.631903370978591949e-01,1.046279823562210887e-01,-1.275038876505355523e-01,-1.409387056695279306e-01,3.460685770085016738e-02,-6.103729522507690686e-02,1.424211730225525829e-01,9.321563839923038830e-02,-1.646557361617497772e-01,7.522509722427336842e-02,-1.965582783527756311e-02,5.871088153411049143e-02,1.265695397191155536e-01,-4.946668886408672750e-02,-5.484757559551818595e-02,-1.700081410659050607e-01,-1.488913268560045772e-02,8.874126690932815364e-02,3.668690771894585201e-02,-1.896530737136079003e-01,1.528940434821508994e-02,5.863240962780396498e-02,4.749025750726424550e-02,-1.911433974079894405e-02,-4.235186460470317243e-02,-1.166634205066637148e-01,-1.952285892321249938e-01,-6.451801071698558265e-02
8.917952940003300022e-02,1.184095223806938407e-01,1.656269355306979052e-01,-2.580396600423964237e-01,1.365772089326130860e-02,1.972327087126323208e-01,5.487837174801443035e-02,6.298289057544591285e-02,-6.835972790567345150e-03,-1.143250880554095572e-01,2.862902544755816653e-02,8.346289736912344825e-02,6.025654314571862041e-02,1.302013738369860174e-01,-6.971229316298184486e-02,8.288848334826250108e-02,1.099486651265736345e-02,9.581096762874240225e-02,9.228555226743329065e-02,9.818679031866220375e-02,-1.411702711348187221e-02,1.086172214466838565e-02,-9.977367340749758451e-02,8.400340143121000358e-02,7.745530810305360780e-02,-7.029633213711865281e-02,-8.398823639657959639e-02,2.261129209679912065e-03,-4.613347176440014963e-02,4.105888479859610279e-02,-3.034595643051828801e-02,1.620781314762730595e-03,-1.216709915609760079e-01,-4.547743847487156765e-03,5.422645997257592027e-02,-7.928137925525043789e-03,5.804984654504365821e-02,3.066446167854223678e-02,-1.159070883609307351e-01,5.907924325498221246e-02,9.358718958663985246e-03,9.766892256091873337e-02,-7.368345955477169709e-03,6.677007682761579299e-02,3.826175860775788556e-03,1.005315096553434234e-01,8.082876188999757808e-03,-1.377606082750536531e-01,-7.297703502727154179e-02,-5.451950548797813989e-02
5.063596373345218005e-02,4.607698306636708735e-02,5.710148098299919206e-02,9.573929315914896099e-02,1.203290159225444966e-01,-2.561849099461002699e-02,-9.341882286909013178e-02,-2.114959741586690603e-02,-4.992027872276632444e-02,8.071648529260004590e-02,-6.779829358339894453e-03,-9.896512959399636489e-02,8.383688293229381305e-02,3.706719417585666726e-02,1.204708610869569957e-01,-2.774620198996038609e-02,-1.579222926969125473e-01,3.005728989747704846e-02,-1.126975640606642237e-01,1.415667452914377011e-01,-1.245694617147461054e-02,1.784622230902008222e-02,1.033534652784865310e-01,-3.754542679282223822e-03,1.225008109679109891e-01,6.682519280098220271e-02,9.642051542946239451e-02,-1.143453713744704142e-02,-1.913382001796506970e-01,9.640351155445396614e-02,6.936864697798278412e-02,5.425209238363743608e-02,-3.528331958610433916e-02,3.196997283314106236e-02,-7.030158602572830762e-02,6.997584123428532421e-02,-4.361890944794122316e-02,1.374198385456254501e-01,8.616055407295840352e-02,1.070300091751304333e-01,5.794252641741342441e-02,-3.821577614471037554e-02,3.263457008361965450e-02,6.990957568610382811e-02,1.618700605200539266e-01,-1.049588392306143730e-01,-2.497552713798742788e-02,-7.454926227418467478e-04,-4.234444175165124127e-03,1.722921301157845017e-02
3.436035401589026400e-02,3.294918289576455328e-02,5.153056259603557877e-03,1.191087083373757738e-01,2.691417339865294009e-02,-2.509964199306042865e-01,5.691181226534833271e-02,3.864839704691341860e-02,4.599616291203564855e-02,1.101414869154465487e-01,-1.480117429930015438e-01,1.626999903654475776e-01,-1.288101916954893511e-01,-1.055503958271961362e-01,-8.281076543286094993e-02,-4.369859291987273492e-02,4.906346861916422580e-02,-8.353539526335666821e-02,5.243985596030241447e-02,-2.595257922714630516e-01,-1.067183062177305963e-01,-9.120924463683649508e-02,-2.438226031413437411e-01,3.877674312593340500e-01,-2.059288629888213207e-02,1.560083712518191834e-01,1.162901381867882666e-01,-3.259537712106556906e-02,-1.243577437032345329e-01,-3.666390089981935718e-02,-1.704160009429374345e-02,2.916989074384934710e-02,5.487302597031516044e-02,-5.876838236885591552e-03,1.480990298478068734e-01,6.834175216810413345e-02,1.077280543221038472e-01,-3.831441678967825726e-02,-3.392476024323067170e-03,6.216101615126531227e-02,3.267174195158015909e-02,4.538845893764498207e-02,-1.672628364808618649e-03,1.558159624231612861e-01,1.096554558916122413e-01,-1.440172068282206674e-01,1.017243301443367803e-01,-2.679410814437522409e-02,-6.372554816236211672e-02,7.075800538366576464e-02
1.124380713005610349e-01,9.984109121582430968e-02,-3.307828045968948943e-02,-1.039888983365157976e-01,1.871345568873916398e-01,-1.437735054389867664e-02,-2.615566001355398504e-02,-4.583050452004290565e-02,6.653476074342615232e-02,-8.291190129950093413e-02,-1.174726578455045911e-02,-7.457674436620372049e-02,-4.593605963196232406e-02,1.625028828739067885e-02,1.884697067436381587e-02,4.004671988913900693e-02,1.085664667700437375e-01,-7.478122815369550591e-02,-4.681504957488798885e-02,3.276719532751557612e-02,1.572645897806041956e-02,4.999221853694039291e-02,8.417095098370620115e-03,-5.121427794369641517e-02,1.320552900805878511e-02,9.076114567250562204e-02,1.767234524874138901e-01,1.471045396025449231e-02,4.530040614146206568e-02,-1.412624995007016881e-01,6.881938518254933530e-03,4.221101787579139425e-02,7.463972900418627821e-02,1.062235283718789558e-01,1.963636378303523083e-02,7.879688719337316072e-02,9.174658873664545689e-03,1.169912268016180673e-01,-3.634428509888961573e-02,-6.222426636743358386e-02,-6.017740638127504205e-02,-4.662876353103720395e-02,-5.460919366789422635e-02,1.850286701898323132e-03,1.086552557317467744e-03,1.269945750182973482e-02,3.765658852577623804e-03,4.698484723967265991e-02,-4.792745708291294704e-02,-7.519783784540069998e-04
4.643518221141315627e-02,-7.364992354319240507e-03,5.825101856137223505e-02,1.081948302352975233e-01,-8.170490969808520687e-02,1.680505504147692189e-02,4.850724943062882655e-02,1.795359559193539928e-02,7.061936496674396657e-02,8.669930645231410660e-02,-8.036615455946520548e-02,-3.354119889044652331e-02,-1.295775769192427096e-01,1.372280973103948976e-01,-1.484631641814921077e-01,-8.376018238518885550e-02,5.958009575135535946e-02,1.028161602830833105e-01,4.907267083745175951e-02,-3.701333504786542133e-02,-4.035545556070440493e-02,2.429319864025917403e-02,1.414068176147073759e-02,-5.953435757636756781e-02,5.382677664036643154e-03,2.942991152664412025e-02,9.457978759455069884e-02,6.010247660270354175e-02,1.165105527610178493e-01,-5.653905677006594577e-02,-6.223186948958771975e-02,3.108509537760198796e-02,9.679431571966760905e-02,-3.917131822283334563e-02,-8.719937933673960195e-02,-1.424189132050314721e-01,-6.027386396571498411e-02,-2.539518480647248722e-02,4.899726255885602372e-02,-4.759720852029190874e-02,-5.019571237864123292e-02,-9.894084952760213991e-02,1.055731932108279481e-02,-6.323038288834018084e-02,-5.362672453324560801e-02,2.991506526207278124e-02,1.358909287704764546e-01,-1.077093994841680225e-01,-4.542178203395023234e-02,-4.319250798873983804e-02
2.633710917240730809e-02,-3.415413973487590321e-02,5.374279902870700287e-02,4.333815718838827935e-02,-4.659274070129661854e-02,-2.425813827059848660e-02,-2.837980299452219635e-02,-6.152635722494411569e-02,3.475023156305042521e-02,-1.921023012073790892e-01,1.368767615155916106e-01,-4.739833020662755775e-02,6.082992137840369934e-02,-5.914930418563631165e-02,1.509233864935346781e-01,1.173375320069590111e-01,-4.656563628950271400e-02,-1.717943218395589222e-01,1.561853528331993979e-01,-9.698718736035581711e-02,-4.142543192316970775e-03,-1.436873903839922251e-01,7.375187266405321129e-02,-4.064085014422039177e-02,2.645804552161001508e-02,1.109660438713898356e-01,-1.747042092834103777e-01,7.106899593377550943e-03,1.111828126052882282e-01,1.020143823240199643e-01,-1.390826302739763265e-01,7.164383539837526627e-02,-3.167012216924294105e-02,-1.392640118702247742e-01,-7.187568434287623653e-02,1.293839594233795187e-01,1.908307814959760429e-01,1.761347018395774053e-02,8.559475899435415452e-03,-1.674419560495980916e-03,-9.437168991578440136e-02,5.762984974408516536e-02,3.330057057913087259e-01,3.503817386884098412e-02,9.095003540593082914e-02,1.180032176446564780e-02,-1.813528554679017316e-02,-8.999409528405927228e-02,5.865781895317488670e-02,5.721253688007852528e-02
1.159747715120947875e-01,3.065050162076205301e-02,-4.314614599976662745e-02,-4.974969662029896794e-02,5.463696219733504486e-03,-1.850641410675459009e-02,-7.946665879119234333e-02,-8.741812399273975187e-02,1.237872454957609364e-01,1.679264422002332141e-02,-4.858311505026952082e-02,-7.339130445405929459e-02,-7.622890802714568648e-02,4.331594442091028958e-03,-8.838251394453539370e-03,2.976167158009276892e-02,5.665336977259568391e-02,-8.735300980822253980e-02,-1.963121603452095548e-02,2.473331780775884017e-02,7.594706005450491126e-02,2.339424591863055111e-02,3.597518800625709723e-02,-4.714443473026033726e-02,4.959979040561543484e-02,7.261739905424025032e-02,-4.154336189655632311e-02,-1.006083325975001965e-04,1.836868800908348504e-02,-5.072513889560523875e-02,-3.985824557089057141e-02,-3.779038475308347383e-02,-5.187664371804835001e-02,-5.965685732798439028e-02,9.016645825711096240e-02,-5.720234937344102072e-02,3.808239228604273774e-02,-8.992045907455481490e-02,8.569601188222683574e-02,-5.525584824827216301e-02,3.882409044557119659e-02,-5.165142562719036295e-02,-2.911529393000130556e-02,2.037608950340829422e-02,-1.716035721467557701e-02,-7.557511628676380488e-02,4.175279567163971139e-02,4.993702660899219242e-02,1.139866935935641284e-01,-1.230657382242104220e-02
4.678379116349677680e-02,2.039589071317962632e-02,6.087280167677160125e-02,9.964085109488085568e-02,3.424835530471825179e-02,3.486684392004433392e-02,5.992679923065490771e-02,4.820786744207986030e-02,-5.383154771788912531e-03,1.771295072837578144e-02,-9.936698839648080983e-03,1.512345981853843030e-02,-8.965069165185829414e-03,5.759322414060231987e-02,1.206029217733470445e-02,4.863135641676474830e-02,-1.846304829554202415e-02,-3.570962600395227032e-02,3.317009597929101300e-02,6.364082343946506981e-04,1.161104430567538870e-02,8.492224226457661257e-03,1.150209043075244887e-02,-3.736360171789188112e-02,2.553730132316056611e-02,2.379044742749413313e-02,5.134343893497683026e-02,-8.585695982198621873e-03,1.351995297009402422e-02,-2.533358716379872921e-02,4.572603797922344254e-02,-7.453457441694148408e-03,-3.718370945754465723e-02,5.592407577646047075e-03,1.000987402336228904e-01,-3.559857801735088340e-02,3.534230912861433677e-02,9.192732935171195330e-02,-1.634966846262877983e-03,-2.733693032757781444e-02,-6.425974829087334472e-02,6.975739624600786615e-02,4.205295862898481007e-02,6.774632146258316445e-02,2.132185090818074225e-02,2.450719072037031362e-04,1.448887514791184989e-03,7.390471262486617531e-03,-5.250359630387951490e-03,-3.081618159255810133e-02
1.991492511587868164e-02,-5.599468356877674788e-03,8.357927164522388486e-02,-4.749268274565837666e-02,-5.587585877987188976e-02,-5.337611812573240383e-02,-6.453983137367294565e-02,-3.330210535264372523e-02,-6.395831609214779057e-02,-6.496002042573359447e-02,1.963797366070188510e-02,-2.474351969707791823e-02,7.561428083471597068e-03,-2.746174250443962281e-02,-2.169151579158601004e-02,-8.100400651185787892e-02,-4.194939864262348800e-02,5.238408983181873368e-02,2.277874344761487199e-03,-5.585232889606770931e-03,-1.566347080909726366e-02,-1.535773521431498066e-03,-3.022881389831551940e-02,2.455563975355532988e-02,-6.502103455880804683e-02,3.357591778509531888e-02,-7.022130359047065729e-02,1.306229991037483919e-02,-8.903505538049924506e-02,2.111650399251445778e-02,-1.435773396099615795e-01,-6.009731207548568536e-03,4.268784048828680455e-02,-1.728945636640701888e-01,-1.323985425153421935e-01,1.131660220849032943e-02,2.384246335088780963e-03,-5.284745159896436090e-02,-1.568475722909241574e-02,1.344739302231638400e-01,4.263266529758872984e-03,-1.307341047862969341e-01,-7.436592168266326075e-02,-3.027136381574743740e-02,1.955456633710014533e-03,5.381243875590378117e-02,3.676900942886161122e-02,4.319461990928239598e-02,-8.628533881638869585e-02,6.605847282005812560e-02
1.131465392590453034e-01,1.031737010462394945e-02,-3.963607358524128856e-03,-6.227546123748810974e-02,-5.692014067854941212e-02,5.135432059843624691e-02,3.178339462491103912e-02,-5.464116339647905052e-02,8.782499322888639992e-02,5.529244223079021747e-02,3.080710958157980087e-02,-4.218827719263414100e-02,1.565073735655157089e-02,1.136036667706949790e-02,6.503936088667715276e-02,1.007404972484187734e-02,-8.591400570207297083e-03,-3.396170696804992617e-02,4.039153938612922816e-03,3.011715746724042547e-02,-4.883657125944985966e-02,4.634547632049123428e-02,3.449078783138659343e-03,-1.312128209356672702e-02,1.478790366386602100e-02,5.006133451875229359e-03,-6.932058249579951814e-02,4.807499991803114436e-02,-6.864464865483988973e-03,1.126604131657431007e-01,-4.129982418008290579e-02,9.888657082516608479e-03,5.283102138680741827e-02,-1.796625354851591125e-02,5.400756780909919674e-02,-5.020338636228489915e-02,8.986846167769317606e-02,3.311428199404031075e-02,1.484169627635703592e-01,-9.738246599053573815e-02,4.131337095567369500e-02,-4.794188030160527469e-02,-6.579236494875392860e-02,-3.214425625622539806e-02,-7.873966961508813145e-02,-1.036301284331011818e-01,8.519005571773878571e-02,-8.627692613638198588e-03,-3.949921535178441134e-02,5.184331895353962161e-02
4.679895486088476997e-02,3.481939181779084014e-02,5.623047724937110109e-02,1.221016061856663587e-01,4.933001661995160131e-02,3.579038569353622939e-03,-2.873553933119294898e-02,1.795220232273087371e-02,1.742965833438179721e-02,1.185370960740282729e-03,7.472529317347538112e-04,2.910436351456643575e-02,2.530336452327224071e-03,1.166952560367107150e-02,-3.262911757171091387e-02,4.098005088078507385e-02,-3.719343787074839286e-02,-3.554326336319667268e-02,6.938848247860983538e-03,-2.427825601044956288e-02,2.997397058035207104e-02,-1.894834362774655556e-02,-4.528753734053580365e-02,5.787105542577634931e-02,7.322415494782957834e-02,2.401667100873925223e-02,3.529285682451138023e-02,2.847992028593714781e-02,1.043937423319667851e-01,-5.649091930145307833e-02,6.077908819280715413e-02,-8.456339408544530367e-02,-7.796264401698378699e-02,-4.308626129961875412e-02,1.946094449985212235e-02,-1.350086713187226197e-03,-8.053215267807792288e-02,5.214886090315288408e-02,-8.288321949246214848e-02,-2.375252971469086691e-02,-5.784807074855684295e-02,-3.273311183413471145e-03,4.629356579059158705e-02,-4.241310367821304189e-02,8.369631408494418445e-02,-2.578467711138208995e-02,-7.937646432948422537e-02,1.933704921730992204e-02,-3.178855728583216550e-02,-1.333562287716340625e-02
2.179850268553965714e-02,-1.704707941493695950e-02,6.409079119606796160e-02,-3.353279087886180954e-02,-3.194071761643658275e-02,-5.520868787006426304e-02,8.313074862531354137e-02,6.746944130458030174e-03,-8.203577114781791801e-02,-9.368276506338098220e-02,-5.673195636564813682e-03,-2.495080051861082483e-03,-6.118994156364532255e-02,4.752262948576681939e-02,-1.945899835019483659e-02,-1.028173275452464869e-01,3.948798628249278880e-02,2.797556029847897072e-02,-5.723057324055948192e-02,-1.010579912221107150e-02,5.517146351920200475e-02,1.295498342117809287e-01,8.904373666834725087e-02,-3.436610604735601537e-02,1.037051234682556146e-02,5.790988928087967974e-02,-5.219882028180992256e-02,-1.227693557083435194e-01,-2.677607679469161672e-01,1.382846440217274098e-01,-1.910237352814575240e-01,7.417508819865376024e-02,1.906078336016677754e-01,1.715285073065625499e-01,-1.229136366718104473e-01,2.378368454761695117e-02,-3.300541642747879811e-02,-1.800360664400714183e-01,-6.999532923568478615e-02,1.799991763460880856e-01,-2.924582961003621001e-02,1.720275576741656931e-01,4.639973005749818691e-02,-9.078887152943410088e-02,-2.360931104171763995e-01,6.445021181079306494e-02,1.309901668487234161e-01,-1.369567689204112711e-02,4.071458178379148973e-02,-8.762859964874799429e-03
1.140671767070484954e-01,-2.052024467396952601e-02,-2.100809213015946558e-02,-3.497329097781833041e-02,-9.392769145367822758e-02,7.848214987659135611e-02,8.824691409481198734e-02,-4.800035408237339485e-02,-1.572389553119737590e-02,3.246786445226815948e-02,-2.791446111886896828e-03,2.034860180790479603e-02,2.591551569499542934e-02,-5.556435462137982373e-04,2.481240337724604367e-02,-1.758419517143852695e-03,-6.353610253331609670e-02,3.708388252355681453e-02,-5.848670609581361340e-03,-3.836572231426250978e-02,-4.190183978282815275e-02,2.529992965970009541e-02,3.809681723998247296e-03,2.180174458326729348e-02,4.930897661610102872e-02,2.089583680408630198e-02,-8.147724084757723695e-03,4.656443091459240048e-03,-6.362918217425272971e-02,-4.163362288774605235e-02,3.130527072729647614e-02,8.009395388168553606e-03,5.240603288700870083e-02,1.194517244274793596e-02,5.991381880637846463e-02,-4.391522468400276685e-02,5.607870251508428883e-02,-5.228205349959229309e-02,1.062116024080001497e-01,-8.578284649101540482e-02,-5.405730460823741229e-03,-5.647620634273500806e-02,2.671647250067975612e-02,1.010248288727189428e-02,-6.870559270155068843e-02,1.236180222786956856e-01,-7.240238242274482997e-03,2.697824450983120695e-02,-2.053798806865422127e-02,5.017544092752085350e-02
4.860322973141271985e-02,4.134062810380554481e-02,5.765137343286961397e-02,1.210048113719248419e-01,5.675309067258395984e-02,-8.844596292841046259e-03,-4.550670881430673304e-02,1.185796941947827449e-02,2.374749922349466552e-02,-3.726670871928992185e-03,6.189938942400387278e-02,9.404009213416603466e-03,-1.090962722684667542e-03,-8.211805514962280256e-03,1.344274573362069444e-02,3.920012355545621219e-02,-1.288171685177275094e-02,-5.784777543232821201e-03,1.633141800878363734e-02,5.671078065387673978e-02,2.167143657784376815e-02,-2.441501756128824571e-02,-3.998723481643495087e-02,6.764681441794169470e-02,1.085646936779898104e-02,-5.515715223811171013e-03,-6.187422382008023886e-02,-3.076138720139205696e-02,1.294105355073562613e-01,1.004773372169016736e-02,-3.702186628328787282e-02,-9.366971215944362716e-02,-3.654228969509085677e-03,2.563070237729294515e-02,-1.037816388093291686e-01,-2.222919681168159661e-02,-5.933446465892303068e-02,-2.143381080058315638e-02,-1.190281748383828324e-02,1.051945511534822797e-02,-3.218471052199966403e-02,4.035358431644010639e-03,3.484314696992943383e-02,-3.363707596584205456e-02,7.597061106107095771e-03,-2.713522383184888143e-02,-3.198461520876763609e-02,-6.821885378049737103e-02,4.561270438852559755e-02,-4.275110907848263253e-02
1.873452006316521715e-02,-1.000694483641053310e-02,8.260673250393860134e-02,-6.504658225659182280e-02,-3.197510421706790257e-02,-6.927240103390382153e-02,5.436378909597552878e-02,-8.987170904173162611e-03,-7.701253047131995100e-02,-5.403229503695917979e-02,-5.650587871146787317e-02,-3.692666976272788310e-02,-3.777253983472249332e-02,2.348158363971562454e-03,-3.078208654586698373e-02,-1.197533461144592998e-01,-2.824080143197417458e-02,2.725427546476545324e-02,2.786691971226736703e-02,-6.288140137817989361e-02,-6.393102609932746483e-02,2.692431664389466090e-03,-1.687755250850486721e-02,-1.175009861190687288e-01,4.871416027526139295e-03,1.988685489966459871e-02,4.884639654394549047e-04,-1.508061412021949321e-02,-1.254403102899769584e-01,1.351611470453058239e-01,1.165578788424369711e-01,6.062937133970382891e-02,4.324272732177260326e-02,2.315852952273526194e-02,1.154737170427903303e-01,6.090826709908369468e-02,4.248139481187589855e-02,1.401962142914959034e-02,8.543672440422180048e-03,-8.832529250240810093e-02,-2.810631219522481336e-02,5.639893274127414508e-02,3.489083232543180313e-02,4.642028689111112744e-02,6.276627904786459544e-02,3.579933995317449019e-02,1.298574033068207456e-01,1.398169552580008808e-02,-7.768288275875703808e-02,-1.246194947946647688e-02
1.201293023301819030e-01,-4.274633228798254553e-02,-7.933707515749766070e-02,1.464658936608505269e-02,-1.444960219070335651e-02,2.207399059692048346e-02,1.050189497673242045e-01,-6.430308298143998236e-02,-1.716543923835166241e-02,-1.180264883964047933e-02,-1.258501040439949197e-02,4.224571715104557396e-02,-5.093146594722201131e-02,-5.585365542062271926e-03,9.492827237856024669e-02,1.280153896634237363e-03,2.465198709245480096e-02,6.591620371541281886e-02,1.950758555555836063e-02,9.987276821066157998e-04,-2.079532091830201684e-02,1.094570928707293452e-02,-1.250132509804064707e-01,2.630164138687426587e-02,6.761299185699386205e-02,5.825888097188161802e-04,-5.256106603285524981e-02,-1.158405729352316241e-02,-7.255520426864382755e-02,-4.480762171084100775e-04,-1.726313756667987101e-02,2.184266633443049561e-03,6.980966036293177572e-03,8.179518854720359278e-02,1.580804770039082952e-03,-4.530333354035240290e-02,3.317841696820230529e-02,-1.624365777829266111e-02,8.714753670403960206e-02,-2.382593694167301976e-02,-7.508016487897657687e-02,-4.283259576674305902e-02,1.289009887818380884e-01,-1.734266188078683116e-02,-5.182424390374561207e-02,-4.200167665687144086e-02,-1.128935828049099366e-01,3.121570052678043425e-02,6.685632452436919559e-02,-5.691949743966893960e-02
4.624085259280100862e-02,5.928164237472024339e-02,5.439754172873442067e-02,6.533318659284279017e-02,8.122492466849225384e-05,1.140724968128617629e-02,-5.254265301818367845e-02,4.494643213678000543e-02,-2.907441061020795206e-02,-1.079525052130171289e-02,1.708819522359851517e-02,3.443605789866309701e-03,3.737362652429161020e-02,-1.241227315750845356e-01,-8.680075838909801639e-03,-6.830127946937079864e-02,4.986565287445992450e-02,1.821954447230011986e-02,-7.776896704357089130e-02,2.005620192249671363e-02,-7.610914336563093241e-02,-6.281016168461230065e-02,1.982172541193497495e-03,-5.775852065614726916e-02,5.228139047272733347e-02,3.215062967726958331e-03,2.197565240646457037e-03,3.794798049144582335e-03,-3.266624868605012139e-02,-3.442459407257006387e-02,1.477936194930353810e-02,-9.787468181015239466e-02,-3.117010413039974712e-02,-2.047670191968331901e-02,-5.171230154884814967e-02,-6.061211028289491959e-02,-4.462323346904414900e-02,-5.030598750892657095e-02,6.586096834573842984e-02,-4.246510060432761441e-02,-5.683228746484279142e-03,5.809114212692839674e-02,7.984367152797776368e-02,9.673476643586979840e-02,-4.761433001471612747e-02,7.634825122471620984e-02,6.092347356706595551e-02,-1.155183877659423097e-01,1.092049764525830982e-03,-1.058318158967699527e-02
1.905966665118182662e-02,-4.259902266323629949e-02,1.077940408281062995e-01,-2.810019290037309853e-02,-1.471771882768700690e-02,-4.658205424362298064e-02,3.267292251443222606e-02,-7.255002283556115372e-02,1.084747205994787342e-02,-2.844010024393050368e-02,-4.746594526987031604e-02,-1.534895773347002938e-02,-2.322045378539167038e-02,9.192871321304052490e-02,4.358841097966777156e-02,6.202664720097320755e-02,3.764103219936129618e-02,4.551931024282426103e-02,5.014845087284386382e-02,-7.558964736851969679e-02,6.528589622537694925e-02,-6.391319461346003927e-02,-8.669023473692291648e-02,5.205680384280820562e-03,-3.032205431245612454e-02,-2.615313093631095251e-03,8.502037941245602082e-02,3.911268995664700723e-03,3.916444611129206443e-02,1.781854605421370197e-01,4.208899118371534076e-02,3.588569853008200666e-02,-1.272615879575351439e-01,2.064823044134543872e-01,-1.329612399648720869e-02,-2.748979913844074724e-02,9.427435877960860244e-02,2.658828371977726701e-01,-7.558418581622552979e-02,9.596497432638949332e-02,6.075254991801512516e-02,3.227280388042213372e-02,-6.742212135158701103e-03,-1.268552996026946489e-01,-1.520203836627013246e-03,-1.250995097288610039e-02,-8.527371236968592921e-04,2.724820882241204764e-03,-4.407818006081630491e-02,-8.592507222985469595e-02
1.135320393738004641e-01,-2.152313784992238299e-01,-3.302336166181481236e-02,-4.952858985828865676e-03,1.427822741589567512e-01,5.340605077947125495e-02,6.916720626564859531e-02,-1.785504815709074433e-01,-4.603381725836893507e-02,-4.117668920877781691e-02,-1.864116701879117988e-01,2.471089351435610745e-02,1.244783390421835834e-01,-2.362400847415608782e-02,1.358110916131405679e-02,1.092938150626980923e-02,9.417370107149465597e-02,5.243549140596242414e-02,8.623497842411101399e-02,-2.608121861007947281e-02,1.029519252382167238e-01,-5.730213658861837284e-02,-7.740086429607202778e-02,-3.826253434931429359e-02,4.749890683396155999e-02,4.711601379034280682e-03,6.242688795536893709e-02,-9.186283559182391312e-02,-2.221071917299574650e-03,3.068634871779251164e-02,-1.095556912053766846e-02,-5.928472459542895312e-02,3.483968024986437706e-02,-5.295259441703873554e-02,-3.075062582743606776e-02,-8.039611541636575154e-02,-4.256475115151586719e-02,-1.123842684419145976e-01,6.071753602071634781e-02,1.561653289459544527e-02,-5.337825169272369247e-02,-7.151778161790872668e-02,-1.402208787061421866e-02,4.486030886237515891e-02,4.192855426097860660e-02,-2.746298917145743868e-02,-8.443661122910513239e-02,-2.847683347719375674e-02,-2.740390784278056227e-02,5.785905992842198253e-02
4.687270292297897323e-02,8.231027969649308551e-02,4.543357957601026204e-02,2.970811082806454340e-02,-3.195298650123154505e-02,-3.967265410503178352e-02,-2.814276998128257407e-02,7.033837312346755480e-03,1.627988642624153548e-02,-1.216561394990009204e-01,-9.945677873249794687e-02,6.890738112305491714e-02,1.613887342983850726e-01,-1.577027577726886898e-01,9.764048857661498243e-04,2.211455747413564391e-02,7.146440043709594014e-02,1.174004601915698727e-02,-7.081129775028885062e-03,-8.428027866233358742e-03,-7.653217472268851462e-02,-1.158389567356648761e-02,6.221247500199875158e-02,-8.017109784938027117e-02,2.136421739536664977e-01,-1.414733576447305963e-01,1.744305948294060452e-02,1.626848633249674270e-01,-1.696544378240006160e-02,-1.759527853219578289e-02,-5.412598786190594286e-02,4.167528155666404971e-02,8.320403760374506241e-02,4.671201576083856138e-02,8.187903260701759334e-02,5.518177190224982098e-02,2.617892122301136368e-02,-7.766619470551286084e-03,5.933976557176698537e-03,3.398406464324130877e-02,1.112260957100915937e-01,-3.372423969740214605e-03,-6.228373462519462556e-02,-2.023054590937151398e-01,3.183645864089577199e-02,-1.304695702990152084e-01,3.345050064933437206e-02,1.386518906097325421e-02,1.414956418263121907e-01,3.191553725139575914e-02
2.803379703063296757e-02,6.354956909882178429e-02,6.708475067075807263e-02,-1.341723117106817693e-02,-1.222221125799070746e-01,5.165346980799206261e-02,-8.838681789428093349e-02,6.248059303500990563e-02,-6.101309738213038514e-02,1.332679335748258864e-01,2.744673180698946613e-01,1.566049258729615423e-02,-2.229128114474257516e-01,6.398787289673199541e-02,2.046707463222890711e-01,2.061935225531939114e-02,3.109253604280088901e-01,-1.852767744488074686e-01,3.511840855621771451e-02,2.630679494215125147e-01,3.673126562828379210e-02,-4.402587037771729661e-02,-1.253426255319390892e-01,1.314633307653885752e-01,6.977553120166739287e-02,-1.690266497681237601e-01,9.881507950723326938e-02,1.833308092888512666e-02,3.746188289884732486e-02,5.524052092520557317e-02,-9.482636202202594788e-02,8.085294926386213388e-02,8.053145529232826061e-02,1.452262676112739924e-02,-3.282983164037082263e-02,4.547413558805694922e-02,4.370447653090380781e-04,-4.302799112646894103e-02,-6.311652577404078257e-02,7.235447186529983532e-02,-5.598572480179584560e-02,5.878176156882020977e-03,-2.091164451084899789e-01,-5.850147873005825255e-02,-4.589053536290264856e-03,-5.327448148541835682e-02,-1.795483634135536244e-02,-4.941626904629323885e-02,1.431186154895238705e-01,-1.435491825594985976e-02
9.000917132525927677e-02,-2.644907691006420647e-01,1.745203329106852497e-01,-1.048314913341631405e-01,-6.178851986804383134e-02,2.686532547394935855e-01,-9.979765301516337062e-02,-1.012740016042785740e-01,-3.983435229808277023e-03,1.094436347433768858e-01,2.163504693744017215e-02,-6.492737999478143118e-02,-9.017007871260888929e-02,-1.186034159220010625e-01,-2.274641485273138156e-02,1.498956247835627753e-01,-9.820939329161591791e-02,7.835912046263471264e-02,1.281567552614818750e-01,-1.170937830562204379e-01,2.142756375518100123e-03,1.114898786583013307e-01,4.224472531482327542e-02,1.377945843633889000e-01,5.202235881633565651e-02,7.292238024634460636e-02,2.505030353193275078e-02,9.111880107682894525e-02,-3.328081942287382244e-02,-2.346209439876443051e-02,8.678645456635018796e-02,-2.170131385101127172e-02,5.469836242099020140e-02,5.209047170869333943e-02,-7.046467994046760538e-03,2.591154760124044637e-02,-7.596732439864825603e-02,-2.569320599062547335e-03,2.010578947589963458e-02,1.190139752241934357e-01,-3.494761206634875578e-02,9.023714303236307632e-02,-2.664037524843006904e-02,6.419540926561836947e-02,-7.512372956305435334e-02,-2.404916951800322236e-02,-8.306573202779465870e-02,3.481001039504234840e-02,6.097462496598648335e-02,-1.133579747957904199e-01
4.658591353409598235e-02,-5.210311166075698788e-03,5.469200767940061991e-02,6.851275004072585051e-02,1.104815605640148135e-01,-8.087557932899867158e-03,1.473602283776913715e-03,2.016221997483734485e-02,-6.569948010841332453e-02,-2.474213818954800609e-02,9.471692341692590500e-02,-1.094158365301112629e-01,-1.292170919670096625e-03,5.898113242581733834e-02,4.799640182994584919e-02,-9.414797107459450809e-02,-1.312903444985405177e-01,-1.516933049835847425e-01,-1.115919354003077875e-03,1.408906843890973537e-01,1.794194827557231420e-01,-2.778268333251250610e-02,-3.692962600555461244e-02,-8.312743694447474394e-03,-8.202266893849370633e-02,-3.815719063957891469e-03,3.011409008885989128e-02,-3.075939982241802928e-02,-3.867291014154731338e-02,-9.408443351652888420e-02,-8.228266876674124319e-02,-5.040646478128446573e-02,-1.513592459674127297e-02,5.955309822977865319e-03,-6.858883333716678243e-02,-1.979127949924285035e-02,-1.275263950504260113e-02,-9.627326728692521540e-02,2.872025778720859943e-02,1.360277071161145393e-02,2.506867222659300842e-01,-1.200809573994583582e-03,2.026646788508527572e-03,1.415878700824271808e-01,1.407573182612343633e-02,-4.532726549854451670e-02,1.331762502939015935e-01,-6.693798615383604600e-02,8.229658150328727703e-03,-3.261863332746461897e-02
3.362074495607754454e-02,3.376245122945865929e-02,1.294649351608925282e-02,6.819462942853175835e-02,2.750077306466858912e-02,-2.411841960637631788e-01,6.877110518865925393e-02,1.723256296996583670e-02,-6.738604365954264930e-02,4.480547424546455632e-02,-1.663339833137022494e-01,1.229091132389448920e-01,-6.951001098098644193e-02,-1.349339862969161641e-01,-1.054406372135368308e-01,-1.714846049031995279e-01,1.027385960516030983e-01,-2.390114488653641567e-01,2.567885723848906676e-01,1.359833750963757304e-01,1.216642570141647367e-01,1.007292380117388308e-01,9.504110169033305744e-02,8.981414973462122087e-02,-5.585435979608796564e-02,-1.471345114314452640e-01,1.968325486301628676e-03,-8.508249036508061525e-02,-1.312848884301733889e-02,1.016174205120209811e-01,3.269967441989241747e-02,1.350664757784697245e-01,-1.465577772056612244e-02,1.533401677623514592e-01,-6.065013385584470257e-02,6.765433454651824385e-02,-1.807109321522135624e-03,1.608121213310365408e-02,5.353716164452069354e-02,-7.449154575729915063e-04,6.091776157274817437e-03,-4.651664214805583536e-02,5.798748970514217005e-02,-3.863604619035734128e-02,4.185168088761422045e-02,-7.162872280223168964e-02,-2.179051975133185493e-01,8.563152969436760992e-03,-7.417576491740567046e-02,-1.097061266822944997e-01
8.411187270713048336e-02,1.335763359397133532e-01,1.941470270091139316e-01,-2.380465932557583042e-01,-8.248957744966313455e-02,7.949636343881671952e-02,-9.852391921672844222e-02,1.616555276185842882e-01,3.409683432616041066e-02,-9.135040615110236184e-02,-3.689743699467080279e-02,2.739778756835044571e-01,-1.902026379111003973e-01,2.372919787064756841e-02,7.312840022390091656e-03,9.159940414468645264e-02,-5.232686034055618329e-02,6.408019257134779656e-02,5.859713571960891570e-02,1.186800551047923619e-01,3.609698183960984019e-02,3.874883585489987542e-02,-2.206401350348748680e-01,8.897389040183988074e-02,1.450924277022070698e-02,-1.064575691213377612e-01,1.917643415065460599e-02,-8.865289392641118038e-02,-6.938931922160961052e-02,9.414914445580284397e-03,1.166641804733727517e-03,9.391915337593342850e-02,-8.814140906138456799e-02,-2.007904297151921411e-02,7.794088180326991244e-02,-2.360595072342244194e-01,3.993854761604702375e-02,-8.630552017919917995e-02,1.265326719872066907e-01,-3.357733382017171614e-02,3.826396670849969896e-03,-2.780452857614451774e-03,1.196012221825561439e-01,4.668702128773580262e-02,4.598103152404887928e-02,-6.611127659454690830e-02,9.431162790886125913e-02,-5.005915514575862146e-02,9.534783277478576374e-03,4.954418396863358512e-03
5.017070669416526241e-02,3.968865483363899493e-02,6.231519959693181815e-02,7.609897419973014887e-02,1.080271783079172904e-01,-1.502629368671052658e-02,-2.806129002873268205e-02,1.547479925577693698e-02,-2.124081297017864703e-02,1.344401443775595228e-01,-9.621405288494144781e-03,-9.615705060827495210e-02,4.227946236887725889e-02,-3.815762859561587592e-03,1.566096541353135252e-01,6.511478503413255237e-02,-1.824887435195706731e-01,1.332116015710655410e-01,-1.073778223335045967e-01,1.262078652510802979e-01,-2.928575652705455931e-02,3.706414373318484695e-02,1.243938368653262350e-01,-1.164582954158673196e-02,1.156831928802617981e-01,9.831055243962796841e-02,8.353524434054049319e-02,2.312006032948533962e-02,-2.400219458064353495e-01,5.258510564409855925e-02,5.029756666470307225e-02,1.408008763831775367e-01,-3.521134394705415643e-02,4.665368959938598348e-02,-7.690257312709339321e-02,2.310448082534003605e-03,1.839315131057733680e-03,9.877373247127058109e-02,1.053784322815589231e-01,5.870921510527840614e-02,-6.249546117818402524e-02,3.844066328936321386e-02,-3.604385714912336242e-03,1.036667184680262477e-01,1.933215500145071264e-01,-1.207628754093225121e-01,3.001252362690151609e-02,-7.155257519365488053e-03,4.026816202911893960e-02,1.557769596028272217e-02
3.576364375994998263e-02,2.302261369454142517e-03,2.431766544212117780e-03,1.253219080622439141e-01,1.802049266994204257e-01,-7.158160634632979025e-02,-9.956411400033690282e-03,-6.795468610857592628e-02,7.758578466118644379e-02,-9.066046925939015566e-02,8.360843467074621782e-03,-1.484116960590575462e-01,1.852028144295403134e-01,2.142270848179916309e-01,1.902538049981951362e-02,-1.006258279180911180e-01,2.498849975007157720e-01,8.798226682332146997e-02,-1.810106696078813415e-01,-6.660266032167815042e-02,-2.259103375941521052e-01,3.202836072458570271e-02,-5.600802783821941244e-02,2.767605414515236784e-01,-5.308811136209704712e-02,-2.598988315557068315e-02,-1.105880287343628254e-01,7.375104277792128571e-02,-7.854311414316587914e-02,7.579850833922058273e-02,1.452360401524127598e-01,4.922203787448617418e-02,2.231148342320372902e-02,-2.425274920480578744e-01,1.548921290051935018e-01,-7.319711606213366584e-02,7.197580079059334723e-02,-5.765090623211668874e-02,3.671997371432168117e-02,1.378774153229759929e-02,2.258140430324397097e-02,6.891429410659831445e-02,7.334077357467883897e-03,1.177581572380380082e-01,-8.370378518236390453e-02,-1.680021272563763865e-02,-1.445860471066523489e-01,-5.944970843163589064e-02,2.976041347601781142e-02,-1.021220566987558476e-01
1.002701059191207916e-01,9.956956079526398107e-02,6.089078447163227131e-02,-1.968458394203862205e-01,3.167252970179569305e-01,2.814564424394867814e-02,-1.346483270947263222e-01,2.047848111668708684e-02,5.921566598513870738e-02,-1.408952099107142197e-01,-6.262997218310270217e-03,5.178991097902732599e-02,-1.129770482875434578e-01,1.052515402076552725e-01,1.769379669777545738e-01,-5.116490051423298359e-03,1.420185473498416784e-01,-4.206503436002469870e-02,1.006574605291223057e-01,-5.305997974255029226e-02,-1.272786667844002240e-01,7.851847799836231268e-02,4.499691094176272443e-02,3.180198653733845582e-02,8.453248947527984558e-02,2.002966230228972466e-02,1.099075671354207175e-02,-3.095314273061610180e-02,-1.532742773303891757e-03,-9.103673163437350779e-02,-6.692165612166528499e-02,-5.196530766161470971e-02,1.747767503840579398e-02,-6.236223530246227248e-02,3.350364105337260562e-02,8.340887142408208443e-02,-3.072440355067651910e-02,4.185139972330179786e-02,7.557648519822958433e-02,-3.776653598793980326e-02,-6.801300004295193768e-02,1.447987357426855706e-02,7.072260619213531496e-02,-3.319179922715341513e-02,2.435131466899965666e-02,9.143288316900614887e-02,-2.816110174376089056e-02,6.209360011753553565e-03,1.041620865529317534e-02,1.377081784197361769e-01
4.492214504177817480e-02,3.530562254032955372e-02,4.880494980783036535e-02,9.280117590985234588e-02,-1.065160096267712096e-02,3.921360372166004388e-02,2.238556647682041906e-02,1.042287897006071579e-02,-1.759691373630844005e-02,7.071039462886391513e-02,-1.097496462564329506e-01,-3.501882671118208140e-02,2.167656657585582264e-02,1.531617636757877550e-02,-1.256184838958537831e-01,-5.249417024934842357e-02,2.735605867539733435e-02,7.800178245178721048e-02,-2.860298601797399767e-02,7.283750008548542376e-02,6.026492676134680149e-02,7.050022878599243592e-02,-3.721299652137691899e-02,-3.100104486363688266e-02,4.778083606780822445e-02,5.658639790354123150e-02,1.150664187578270409e-01,2.910546053648484059e-03,-5.686636215101412845e-02,-3.211112442199201555e-02,1.225744375196921171e-01,3.357285623975819061e-02,2.242790113583423284e-02,-2.753290060809381219e-03,-9.524012769738765885e-03,4.028983369739523590e-02,-4.758010657593410991e-02,1.068170569797803962e-02,-1.280307563391670511e-01,9.019107595466724359e-02,2.175919086107468928e-03,-9.648030436045865188e-02,-9.914199023203186523e-02,2.619041767706599411e-02,-1.718248671677665984e-01,4.804826416784232362e-02,9.171541249531119794e-03,-1.748492394777791115e-04,9.649811741491758077e-02,8.374059223681333541e-02
3.145841908836052858e-02,-3.700316129920558730e-04,3.458669059623582787e-02,1.092613289874285742e-01,-1.049036480587783315e-01,-9.359629037241617988e-02,2.511385981890239955e-02,-7.848092387349521470e-02,9.112499228590405231e-02,2.723636073266249430e-02,2.429879967621411535e-02,9.496262017491424734e-02,7.787575471583139952e-02,4.992753240639935530e-02,-1.384401003643576100e-01,-3.372373394196831464e-02,-2.178498726602108929e-02,-2.330091542281748432e-02,-1.347569584825163702e-01,4.530954589950590694e-02,1.468375742350921387e-01,-1.299107602316607324e-01,1.250748012970971657e-01,2.000685478395273775e-01,1.673814004586743065e-01,1.478406365965804214e-01,2.266903961291552930e-02,1.014376861908029698e-01,-3.447921212121857898e-02,-2.601068908633642485e-01,-2.074591056027504654e-01,6.131145021479549040e-02,-1.939371032846495813e-02,1.708828854627132687e-01,5.012832708998021802e-02,3.929930022506320647e-02,9.995167772740734535e-02,3.958289570169247484e-02,-2.025197650594409791e-03,1.454622272580236575e-01,-1.384285330408871473e-01,3.613848907125913335e-02,5.693067631633118991e-02,-7.638229859873954530e-02,1.621828580678008891e-01,2.192386378701890182e-01,7.502545542309425886e-02,6.347953341150752542e-03,1.163595929537291230e-03,-1.571598089332428838e-01
1.117403248613882683e-01,3.733741206971365190e-02,-2.141906891274634669e-02,-8.254247603943115630e-02,1.692212045071142534e-01,-1.759623259297903725e-02,-7.355886957077839572e-02,-1.364893686682933094e-01,1.421295967216608391e-01,-4.618387553037314047e-02,-3.177923724701998964e-02,-5.582707248671504169e-02,-1.660418585677059522e-01,-6.802782376531567310e-02,5.397636002300079672e-02,2.692704582962035867e-02,7.445883842534888053e-02,-1.140939667671073479e-02,-7.166577880243153731e-02,7.241357498312261942e-02,8.194020309419927650e-02,1.000511870801142622e-01,-4.531723170351605046e-02,-8.100946983710669014e-02,1.019428291226239826e-02,1.039018375520320975e-01,3.030438769485627876e-02,-4.280273898534495830e-02,2.587910584815310278e-02,-6.046044859063341020e-02,-3.610989626943295755e-02,2.261605273638917987e-02,3.425137885144281108e-02,1.717243694549663901e-03,-5.035265023682683992e-03,1.543532110672036217e-01,1.096364701921206421e-02,8.813859868186235680e-02,-7.258796509575451972e-02,-6.426186865210020693e-02,1.761669772826578162e-02,-2.270475901163114194e-02,2.173898664617531992e-02,2.914792409537107776e-02,-6.067670590239154782e-02,1.148207708655373527e-01,-1.523316376937662066e-02,1.220780034988286182e-02,-1.419435067975475216e-02,1.462418268557750395e-02
4.593034141218473726e-02,1.596311444321414641e-02,5.685948374111053638e-02,1.162518239425205657e-01,-7.680787706436308093e-02,4.357613910228823328e-02,4.419924540158708115e-02,3.197603470339140802e-02,6.529747620840994915e-02,5.878045189724102892e-02,-7.126362415865808431e-02,-5.384188108190313821e-02,-3.161384028245347450e-02,8.934307701635577081e-02,-1.239774973970990957e-01,-5.914524069162974129e-02,1.069687969317655862e-01,6.192709962281640890e-02,6.535986376832680911e-02,-2.217628258346041742e-02,-6.353153998819172088e-02,1.040421601536336725e-03,1.737971282296519454e-02,-6.661183442464610471e-02,2.871242334762761500e-02,7.108664812975858116e-02,3.382417021375502125e-02,4.425494529714371628e-02,9.047417871360527442e-02,-6.273135980122065969e-02,1.325840827854858975e-02,3.956933762765422330e-02,1.502508808984424904e-01,6.590439613075299748e-03,-6.311116404660715995e-02,-7.660563619724587714e-02,-2.555745121945022721e-02,-6.946602039380912752e-02,5.275389001482650581e-02,2.765768107860073696e-02,-7.838746912416062751e-02,-9.036936464841559269e-02,3.792340586737531077e-02,-5.663518398502263157e-02,1.476195966308435636e-02,-7.634380467324800024e-02,9.118691609748404148e-02,-6.313662466196404144e-02,2.859292301683621570e-02,7.538899572932053310e-03
2.392801122562198540e-02,1.384985041355847601e-02,7.244843687967561507e-02,4.770003096000763852e-03,3.602412069039900161e-02,-6.410271107898032894e-02,4.094947660276766072e-02,6.646817401109905710e-02,-1.306588711652096335e-01,-1.497903925023299221e-01,1.866787647251540172e-01,1.359234869682856839e-01,1.714289187195639289e-02,1.324286667348515967e-01,6.759973991958738437e-02,6.554838959904472906e-02,-3.401568971753786419e-02,-1.519680544020933222e-01,1.635170849077812738e-01,-2.412187913880302625e-01,1.081996252785253666e-02,-1.227786023298087503e-01,2.564803314744984464e-01,3.175096063748965997e-02,7.475933485495465936e-02,2.782142126130020265e-02,1.580333655659915404e-01,1.761970675730486699e-02,-9.296484805063717771e-02,6.725617606528554952e-04,-5.502700991297641842e-02,9.246657921059496521e-02,3.742941116241061544e-02,-1.062999409625944996e-01,4.308815579893938985e-02,-1.073838630955798040e-01,-6.634919465778491010e-02,-9.568074062443658948e-03,1.148231740533037504e-01,-6.576113161130110740e-02,-4.067875497264576007e-02,7.441115367836757810e-02,1.309423538430181007e-02,-1.097855210376594698e-01,-8.327658382251323932e-02,5.731022612205876471e-02,2.726119334171622777e-02,3.645579332477924019e-03,1.574751611030840437e-02,-4.947817988694330760e-02
1.172796859194560060e-01,-9.333080023908870652e-04,-4.809160532528575921e-02,-1.508885954383558728e-02,1.673677911762305737e-02,2.842437821862501407e-03,-4.739796657692395970e-02,-1.356321149679060589e-01,8.937308898232350363e-02,3.349027716532377436e-02,-9.126351783030305087e-03,2.656457128553266905e-02,-1.794886279813553975e-01,-6.469214544244172860e-02,2.646558114455213953e-02,-1.878158139957668629e-02,-6.671922319660616996e-02,3.292131477198492057e-02,-2.074608507594911944e-02,-9.887416115545775985e-02,1.354787917407144493e-01,1.020722309728328975e-01,-8.544122186550913087e-03,-2.832953162331053668e-02,-7.405565262258970161e-02,5.144401544088816891e-02,-1.067584782313854390e-02,-3.880325939322700358e-03,1.856396900410676315e-02,8.469510743561096955e-02,-4.513793929273814121e-02,-2.222936965738425349e-02,5.982919560496964551e-02,-6.813796104672688314e-02,5.133819767177541515e-02,7.054493895035465756e-02,2.594967230379732412e-02,6.812942862064272354e-02,1.088721750271302684e-02,2.838225060317576751e-02,2.115621370222720791e-03,2.273692390228191848e-02,-6.687654186475129603e-02,8.480173494369129539e-03,1.335179205168198283e-02,-1.523197597919478952e-02,8.518780019421662297e-02,3.762987986911253691e-02,4.815944159092258592e-02,-6.677667298887711433e-02
4.203292075590574217e-02,3.607809338492154461e-02,4.942645781038686875e-02,1.004519680994887393e-01,-1.900392650022131053e-03,6.168968255455361399e-02,4.205116191393364761e-02,9.073277150887670839e-02,1.181063453353419813e-02,-1.478614938594311444e-02,-4.980530878185753657e-02,-1.825658432054937455e-02,2.283806845038267516e-02,3.353889146917115455e-02,2.178317375574340131e-02,1.220255914356433921e-02,3.448170374984636105e-02,-4.964108436575783573e-02,3.624794560498963841e-02,1.964316864550955458e-02,-6.538340757064724229e-02,-6.286070954079037154e-02,2.908501671558401738e-02,-7.146225819830241688e-02,1.212316869825208754e-01,5.797842536752442072e-02,-3.877017106702507210e-02,-1.212945541225208569e-02,4.623304268176356424e-02,-4.771031187234112819e-02,3.756460983250203833e-02,4.268738268687923693e-02,9.557704336763011774e-03,-3.837031838394867281e-03,-2.952801374214693644e-03,-9.749654255606583775e-02,-8.289529637734335821e-02,-4.030284783292194944e-02,-2.071636196826253870e-02,-5.643200167701215020e-02,-4.222435784290989175e-02,3.796617607367108044e-02,6.939324009856200071e-02,-5.885616792224043076e-03,1.243955826303954487e-02,-2.640526484515910363e-02,2.323042418192244885e-02,-2.589732598563393700e-04,5.919292359426919087e-02,4.292818496117672966e-02
2.622218647266083558e-02,3.249178256019055050e-03,4.630625666715467575e-02,-4.381301594109064668e-02,-2.414053849377367691e-03,-8.179815075795517088e-02,-6.426437857791045781e-03,-9.405224675314746707e-02,-3.648115702079347128e-02,-5.676493338331640992e-02,1.428168564289604148e-01,-6.516689422088642325e-02,-2.496738483489629491e-03,-2.079006272533343372e-02,-8.518731980354098121e-02,-6.849068320879074523e-02,1.585596273148490859e-02,4.100983524587872159e-02,6.223118225818557309e-02,4.530100137053868353e-02,-7.966278353648638400e-02,4.557858531055882997e-03,4.699159358768578709e-02,1.796004586173534368e-02,3.298208054939869016e-02,-1.841409858984872638e-01,1.368221945120854099e-01,5.352263046646256461e-02,-1.438618073114920903e-01,-1.207604342612345200e-01,-1.703224314141678630e-01,-1.332289298324822457e-01,2.634896174806386493e-02,5.138846081186766723e-02,-2.011294572955273086e-02,3.450999327831916902e-02,6.610567618326482209e-02,7.028861382982410505e-03,1.052378575156256851e-01,-7.056688164558633236e-02,3.713241130362812670e-02,-8.180886965110173437e-02,7.105092501038835773e-02,1.258737562830591211e-02,-7.925789755968584704e-02,-3.074672139654716779e-02,-1.970569430495727747e-01,1.559008860152905906e-01,1.241194770573125772e-01,2.154632934129426525e-01
1.195822519645914073e-01,-5.597439289406754698e-03,-7.883540072128972231e-02,3.169609452262821259e-02,-1.377373116034215535e-02,4.647126562040271996e-02,-5.735301663164464603e-02,-1.250382382257353431e-01,-4.623396309717056792e-03,-2.737260830321538649e-02,-7.810595316225149077e-05,1.283192968683214419e-01,-1.600807736676747861e-01,-3.311739544418316333e-02,8.059496136188126769e-02,-1.079689157204108685e-01,-1.122456757098831415e-01,1.101734021700768590e-01,-1.625226574729348936e-02,-7.826992146430890307e-02,1.269925614654462964e-01,9.504979719777125260e-03,-7.658140822569185768e-02,4.690489344896724144e-02,-1.010596592049065323e-01,1.127260948422077226e-02,-2.104327680019845229e-02,5.010659371165881310e-02,-1.827546003242399393e-03,5.817370112847812524e-02,1.594404807912327754e-03,2.595562802825534046e-02,6.927327562434601460e-02,-1.319420180031446316e-02,-5.662154450390668309e-03,1.475620597706256941e-02,-3.767479351723073550e-02,7.680453655688495099e-03,-2.313459604628050406e-02,3.649362205837098500e-02,-1.175409957679172529e-01,3.742681601560268745e-02,2.433318268138872850e-02,7.078798912875160221e-02,2.063944880933100967e-02,6.451305436888708777e-02,3.446940739404232706e-02,8.281448795492103720e-02,9.768068931711577918e-02,9.540596094535039665e-03
4.076794747660859863e-02,3.010756798618609634e-02,4.866345057578896210e-02,6.904719432684244818e-02,1.413594786753646221e-02,3.794429177984823959e-02,6.850377898591090975e-02,7.471085894313728160e-02,2.413821517657741000e-02,-3.637951953593639848e-02,-4.068220981716072493e-02,-5.145838737742366303e-02,1.115508685931958059e-02,-5.553596398157946423e-02,6.467036205375932545e-02,2.194848047566870866e-02,1.531629645905896280e-02,2.193142924917955427e-02,8.511275339117699290e-02,2.763849694712531765e-02,1.800438406792761667e-02,-7.997844975316158178e-03,-2.107209155314391028e-02,-4.730957021722950739e-02,9.509356017860684518e-02,-5.006474020334947608e-03,-4.596842486484958856e-02,-7.367362638763109983e-02,1.420699401400885541e-02,-2.074353786985614484e-02,5.256785486418481812e-02,-1.503771049597281894e-03,2.044658067247415514e-02,-8.461455047465321622e-02,-1.152821602889482835e-02,1.959981885290169867e-02,-3.837905897647761466e-02,3.944663066217318770e-02,1.656412167691032056e-02,-1.092580367867781316e-02,1.849561373002522185e-02,1.337529045975434892e-02,7.841889659870525386e-02,3.044093882533532164e-02,-1.167972125259815891e-01,-2.684755805984412672e-02,-7.121446281867307992e-02,-3.379841740654372650e-02,-2.955687111932728262e-02,-1.011948976591365706e-01
2.587770131556176370e-02,3.335586834052827430e-03,4.976951976517739185e-02,-2.324364790111157000e-02,-2.854361366436495434e-02,-8.137359155897905261e-02,-2.938590116136546512e-02,-9.287252588227870587e-02,-1.844475260939751338e-02,9.084444397705256427e-03,1.362598610160773993e-01,-4.765032434254511118e-02,4.686356617295454885e-02,5.946658256458569464e-02,-1.479939902658376771e-01,-3.287301370577697807e-02,1.222771572538718619e-02,-1.709987163430064933e-02,-2.771749107987861796e-02,2.915922748962685926e-02,-1.378093183295700241e-01,-2.319501933573753314e-03,5.036621930705387912e-02,-5.777930781233328594e-02,-4.461185133106532197e-02,-1.196694264820184067e-01,8.558124992135582310e-02,9.861713583552263185e-02,-8.614010306456108823e-02,-2.164207617183168397e-02,-1.005318694581812111e-01,-1.679349846219500009e-01,-7.598247202652570753e-02,1.561812921401765086e-01,8.797204862230614472e-03,-1.372317156319948495e-01,1.024358464069346220e-01,-1.421319101364756400e-02,1.752257584199782073e-02,-4.638632142510668369e-03,4.694795983618911539e-02,8.876745452566997888e-03,-1.038311659960456657e-01,5.642180166244070011e-02,1.801810235062274446e-01,-3.688529652505356110e-02,-4.843551967780538453e-02,-2.685957957575364416e-02,7.248342593930601208e-02,2.521686485957119195e-01
1.164531095608122152e-01,-9.495071374509335416e-02,-7.209397900051486840e-02,1.638965386853270464e-02,8.556465803767357436e-02,4.889246312493026464e-02,-1.004472820500755675e-01,-2.303994897804697572e-01,-1.196689987799284122e-02,-1.538459122971874704e-01,-1.596183830484202149e-01,1.658132467669055365e-01,1.078509000411097263e-02,6.940629495967655382e-02,7.358789693405672072e-02,-3.631590564126938731e-02,2.589410012066518593e-02,5.292125762954586615e-02,3.142104321759089242e-02,1.961137790585424853e-02,7.431116942617939369e-02,-1.321229915193715410e-01,-1.446843030819150167e-01,-4.055220775199672167e-02,-1.425968934027083690e-01,1.562257403949288137e-02,5.184609814513646553e-02,8.327408977395277245e-02,-4.378213797433826854e-02,1.268758336288167143e-01,-1.260747614485976074e-02,-7.581346021561579003e-03,2.626319012270868572e-02,4.747616114338668036e-02,-1.020802211269557919e-01,-1.016842447508088804e-01,-3.672959778715247179e-03,4.330026603307116084e-02,-3.032282825567015130e-02,8.828130809832474002e-02,-5.607005793490941331e-03,-5.246719794653521840e-02,-4.182751557636578410e-02,4.006811010586917160e-02,-1.235905179127959330e-02,3.990231903044250128e-02,2.360468279827004218e-02,-1.110756903200335322e-01,9.700260459245166333e-02,-3.976359185145772468e-04
4.533324982297446543e-02,7.492104809249691688e-02,5.322623078600887542e-02,3.601983940709862358e-02,-6.710095501191708223e-02,1.662287498317521414e-02,1.311545156620593650e-02,4.468722688232035223e-02,2.019331275606901788e-02,-1.147339974652881317e-02,-1.854436121773405180e-02,9.702670231829012629e-03,6.929052212457088161e-03,-2.567811358620564199e-01,9.759554121381426584e-02,-7.197603723318860003e-02,1.444164943147122904e-01,1.108519841827720481e-01,3.247935179546085002e-03,-1.480563526688462583e-01,5.417487812656454627e-02,3.322411224894197823e-02,-1.040833001581695748e-02,-8.749830377069707163e-03,1.124214868595451861e-01,9.602744630908115545e-03,6.292347304534583186e-02,6.708341401953436811e-02,5.580911888169135665e-02,-2.131103385867866643e-02,2.957649079087001226e-02,-1.035181590023878662e-01,-1.163219102905111574e-01,-7.990572879549266705e-02,-1.672273144571855275e-01,-1.634440303887668006e-02,-1.440495404881832024e-02,3.465398770671020839e-02,9.326587376819579778e-02,1.875073467975138172e-02,2.579655396855184274e-02,6.505813047108623126e-02,2.569695255710258489e-02,4.781524115640966438e-02,-4.188955702673777259e-02,3.303763495316480725e-02,1.308122339819839039e-02,1.145039454370244160e-02,-9.981993445821554789e-02,-7.160198057489555734e-02
2.599726275885165874e-02,-1.732016857245879254e-02,7.323085026081146975e-02,2.477639245266580192e-02,-5.939164782968182725e-04,-5.298166195024297392e-02,-3.032662630638896170e-02,8.803465775991758946e-02,-9.687242699685005842e-02,3.050373509995444321e-01,1.190273118824405757e-01,6.344664492528734323e-02,-1.662947298530458862e-01,3.432122573674215721e-02,6.690218558139256200e-02,8.675810857738469606e-02,8.605298743935901884e-02,1.625748082215411339e-01,-2.134645440005388528e-01,-6.424842234251733342e-02,6.433173209012504890e-02,-1.760075685863802253e-01,7.295008872748227902e-02,-1.282988819746081199e-01,6.920620492884309305e-02,-3.781632433815663302e-02,-1.120856650459413212e-01,-1.246654347336646484e-01,-2.973472463372016719e-02,-9.770313924633076963e-02,-1.461213712845420981e-02,-9.132271287999950415e-02,2.252378074156845822e-01,-3.081674354222338832e-02,1.279481895875570208e-01,-9.808102474370693213e-02,1.159669708904863261e-01,1.392042464428375204e-01,-7.223961971070815002e-02,1.085673982796900305e-01,-2.403289379667351844e-02,-1.274282084757778211e-01,1.152228346437483425e-01,-1.895534969685765646e-03,5.613304984321240698e-02,-3.306112452986476047e-02,-9.143112131980336843e-02,-8.453560623878669800e-02,-3.039487936875169202e-02,4.342761228910468202e-02
1.003237113189837104e-01,-2.643185007333700987e-01,6.664029735628643203e-02,-1.478069975296107674e-02,1.774577964659618257e-01,8.292898793446130956e-02,-1.639799412216157160e-01,-1.120565453272853590e-01,-7.479871078154570405e-03,-1.797889204996913973e-02,-1.612956134104934214e-02,9.476644761389471650e-02,-8.292085008634814125e-02,-2.102277565488308575e-02,-5.252670500346152266e-02,-3.263559246251519774e-02,5.140140035934649687e-02,1.015477603468737311e-03,-1.578653034990623941e-02,-8.555083147121214301e-03,-3.207884068207843969e-02,-8.430747642953231868e-02,1.566838014029397486e-01,5.701668995184090011e-02,-3.486264428144289496e-02,-3.985318489478240772e-03,1.507420960223441186e-01,8.537882109270502479e-03,4.399316555610239404e-02,6.708974087855718027e-02,1.762206265035265104e-02,-1.273428899394331640e-02,1.318691972041217408e-01,-5.391331104964097037e-02,1.617516195598133963e-02,-2.838935391770187194e-02,-4.041923681354340353e-02,-1.416433941801739094e-01,-2.059792432928800043e-01,4.134936672665981416e-02,9.572831502510478763e-02,-8.693722537989745369e-02,-8.638897828125989553e-02,3.843532816166009107e-03,1.810982677313940914e-01,7.425707652304462322e-03,2.801240267069115934e-03,-1.642554419047347058e-01,9.390525332399268787e-02,8.372908304799168630e-03
4.698093764639572206e-02,1.938505906891440159e-02,4.659129594231461308e-02,7.145053934375356075e-02,6.099255722699246929e-02,-5.696775053158470437e-02,7.531639288565164514e-02,1.739135771668548014e-03,-2.542978608740071797e-02,-7.609082966264185677e-02,-1.269960889942539084e-01,6.112527341559071542e-02,9.366202355020290804e-02,-3.792144509364274441e-02,1.374327755465767388e-02,1.324656463989842825e-01,-1.436906162308246304e-01,7.178247494867853740e-02,9.671377980395828855e-02,2.486608142173027391e-02,2.243042759342983583e-01,4.954776305590793267e-02,-6.074161134038936344e-02,-9.774338837455003037e-02,1.149870208768141999e-01,-3.851549861458729296e-02,-8.407015012074646465e-02,2.714545715647006530e-01,3.624515480418883523e-02,-1.129817958435951203e-01,-9.205752921265690503e-02,4.555260186180559723e-02,1.630816156313759646e-01,2.976301157626513871e-02,1.121838515031216149e-01,1.759531634110721166e-01,1.598562999498490123e-02,-4.241395530316752205e-02,2.825356303623605819e-02,4.218628271967941185e-02,-6.296181086131499849e-02,4.329856749207278838e-02,-6.895634748938650471e-02,1.116626158306464056e-01,-6.670879789166035689e-02,-1.575844041986252941e-01,1.761344873309514739e-02,-8.573378374234315313e-02,6.766557091620847841e-02,6.712691282377665491e-02
2.853234829933242941e-02,5.728493605705479302e-02,5.027497817868321894e-02,-3.208583455665149631e-02,-1.522789961177762608e-01,5.038963428126425753e-02,-2.551240441688507748e-02,-1.634817429430290292e-01,-8.725917667996692384e-03,1.452220635511801694e-01,-1.167388433394342534e-01,-1.856817069425377720e-01,1.954259893048615748e-01,-7.775887100544903556e-03,8.608490513788824572e-02,-1.876472553764608475e-01,-1.255790601268149537e-02,-1.308172947390726093e-01,-1.377059808910791223e-02,-1.611434537611324269e-01,1.096217952899054826e-01,1.264178842941339476e-01,5.247998424020816621e-02,1.819289292521862056e-01,1.759369625153558714e-01,-1.960913238215913623e-01,9.342113365415385950e-02,-3.385859559941137853e-01,7.308994286097060533e-02,-1.361125745775337327e-02,-7.542179864635920050e-02,3.735706753424781340e-02,1.750988822083819063e-01,-1.316924256290993300e-01,4.524622447419340138e-03,-8.627758780191803478e-02,1.026764828611892721e-01,1.947728720990973481e-02,-1.732407475071532366e-01,-1.763427046040451918e-01,1.217080072975577631e-01,8.414274101317054111e-02,3.395339075980310234e-02,6.054394994864786828e-02,5.473322348069631360e-02,-4.168587659841946347e-02,-6.415263708524940149e-03,1.758686130986988547e-02,1.283801875075131493e-01,-5.512834523476571602e-02
8.173474225690824380e-02,-2.497085471233839171e-01,2.261435616476100696e-01,-1.054114978512371015e-01,-1.557874579986709696e-01,9.068695558838410498e-02,-1.889069692207577811e-01,-9.776691565043229767e-03,1.966041654352472245e-01,1.322390977109624659e-02,-3.521618548167967412e-03,7.629859251776675844e-02,5.083276519327821485e-03,-6.553117056436158494e-02,3.265354582969844099e-02,-1.775724647883935026e-01,-2.350461069315395723e-01,-1.710991281306486478e-01,-5.735733801507385266e-02,-1.165534920096857330e-01,-4.448125939220964192e-02,4.904948381813376002e-02,2.768668016505154358e-02,5.215748575390343617e-02,-3.007202933916279519e-02,-1.415198484233634764e-02,-7.292150680266239193e-02,3.264322334862265751e-02,-3.969483089913155432e-02,-8.032416464033337311e-02,1.201458943388092060e-01,-7.193828828644251161e-02,3.266199228744752492e-02,9.031053948065519144e-02,-6.071470737655559891e-02,4.661243953194400824e-02,4.437224046186155624e-02,1.108740549771016493e-01,-7.508377257314580167e-02,-8.138105098376148538e-02,-2.478565637942970606e-02,1.301431674409690431e-01,1.693170412527236768e-02,-8.270115505458056071e-02,-5.509225635202368715e-02,9.070126661437045296e-03,-1.435844845762671886e-02,3.492936829932705156e-02,5.514621093483340793e-03,7.691537567277180465e-02
4.634071530717754489e-02,-5.213004393775077898e-03,6.112059423473767406e-02,4.512809963971252392e-02,1.049381514869654891e-01,7.290795559007341720e-02,2.693464827283064984e-03,-2.476597151084082224e-02,-6.112017472027875264e-02,3.912000096338268812e-02,1.190034822899968814e-01,-2.266706621385462250e-01,-3.141028669625418879e-02,2.030571889131463446e-03,1.061363718719642163e-01,-4.419561596268346132e-02,-1.450512856123291894e-01,-1.431989539843960546e-01,3.965724659016205828e-02,-6.379302228098973626e-02,4.408005826475558386e-02,-5.281269524252691500e-02,-1.154804642853997643e-01,5.755769530913051879e-02,-2.016526160615046137e-01,1.042708595904012214e-01,1.774973116838239259e-02,-2.081737777156276170e-01,-8.250214816981520094e-02,-5.249202146179750977e-02,-5.128828227791632638e-02,-1.261702052549679154e-01,-1.521159083952123015e-01,4.067222252092617119e-02,6.146328408044533093e-02,-3.373880693426133809e-02,-1.257981801437062230e-01,-9.119103901583452965e-02,2.017763003395258437e-01,1.180440691364911532e-01,-7.944200953628084705e-02,-1.270170467606753506e-01,-1.485798471895999062e-01,-1.354303246267955507e-01,-7.547303599345196734e-02,5.132588149820375284e-02,-1.079138785901600228e-01,-9.710034054720077801e-02,-4.324026340559873616e-02,-1.234322318810999880e-01
3.745658339347961857e-02,2.907031573288170606e-02,3.706756820249415985e-03,4.715153254393924381e-02,1.216037488240402920e-01,2.887959271698363820e-02,-1.324100728110963986e-02,-9.338724781103761863e-02,-1.072788588622195782e-01,1.420793449473625736e-01,1.710945467557219895e-03,-2.083816591747504887e-01,-6.258725888471348975e-02,-1.168772999379158462e-01,-1.720649894981380115e-02,-1.035598425150528745e-02,1.958263053839388868e-01,-1.328489102116932330e-01,1.952473493618183120e-01,-7.495957793127176749e-02,1.033461024597044468e-02,1.227496337761817963e-01,1.288697881546097546e-01,1.125092739459329083e-01,-9.681242703444946363e-02,-1.147552384845739737e-01,-2.600514648000923912e-01,1.858840309892580422e-01,-6.981129350253439947e-02,-8.710576186056957770e-02,6.095685962645107370e-02,-5.477674718212987431e-02,1.154157445944939547e-01,1.890856140030846289e-01,6.852370532021784255e-02,-4.597579137692587442e-02,-3.256926152103398892e-02,7.132817570823718478e-02,-1.983015715692917555e-02,1.656517976592282726e-01,-2.761548718619107057e-02,1.214860883389809326e-01,1.580292329103850646e-01,8.402002679707028243e-02,2.633474950302720080e-02,1.604827587873371153e-01,1.156691280438356256e-01,-4.017134650603847168e-02,-1.376533863410260294e-01,3.231614189074300675e-02
